140
9.492165774398547	17	0	0	0	9.216349485430452	0.6457059403041522	3.141592653589793	0	0	
9.492165774398547	17	0	0	0	9.265539811467697	1.1492400754236058	3.141592653589793	0	0	
9.492165774398547	17	0	0	0	10.54596183801997	1.2872557170932115	3.141592653589793	0	0	
9.492165774398547	17	0	0	0	8.339367536006947	0.5501480363816745	3.141592653589793	0	0	
9.492165774398547	17	0	0	0	5.12472370153955	1.0704592785701352	3.141592653589793	0	0	
9.492165774398547	17	0	0	0	8.077197501375057	1.0704884243498638	3.141592653589793	0	0	
9.492165774398547	17	0	0	0	4.7037301031031165	1.3078802076569658	3.141592653589793	0	0	
9.492165774398547	17	0	0	0	7.760914426273585	1.394036204437863	3.141592653589793	0	0	
9.492165774398547	17	0	0	0	10.551644414041801	0.9361130931042855	3.141592653589793	0	0	
9.492165774398547	17	0	0	0	8.145004946831245	1.4859605276975425	3.141592653589793	0	0	
4.428737827399404	17	0	0	0	8.850301312733542	33.12541068826084	3.141592653589793	0	0	
4.428737827399404	17	0	0	0	5.733636768313718	33.076558596614525	3.141592653589793	0	0	
4.428737827399404	17	0	0	0	8.34420750708292	32.94247292537838	3.141592653589793	0	0	
4.428737827399404	17	0	0	0	5.860020096962764	32.87148802549127	3.141592653589793	0	0	
4.428737827399404	17	0	0	0	10.578645532140625	32.63102363207644	3.141592653589793	0	0	
4.428737827399404	17	0	0	0	7.561110535166891	32.72950859256961	3.141592653589793	0	0	
4.428737827399404	17	0	0	0	11.317549311531113	32.651028366608436	3.141592653589793	0	0	
4.428737827399404	17	0	0	0	8.318016975947689	33.00012207462976	3.141592653589793	0	0	
4.428737827399404	17	0	0	0	10.068765244224707	33.11122708750383	3.141592653589793	0	0	
4.428737827399404	17	0	0	0	9.254420861227933	32.70672022579177	3.141592653589793	0	0	
5.627017390174882	17	0	0	0	31.301180973298404	0.5767898104725595	0	0	0	
5.627017390174882	17	0	0	0	27.188899719055744	0.6026490548978787	0	0	0	
5.627017390174882	17	0	0	0	30.83508793911999	0.9863459492982658	0	0	0	
5.627017390174882	17	0	0	0	25.0654272611631	0.5580170330271679	0	0	0	
5.627017390174882	17	0	0	0	30.212599768857135	1.3274644571789578	0	0	0	
5.627017390174882	17	0	0	0	29.37102191925054	1.2107699582262	0	0	0	
5.627017390174882	17	0	0	0	24.522659589897298	1.4342310896889339	0	0	0	
5.627017390174882	17	0	0	0	25.939708827437723	1.1177527782435228	0	0	0	
5.627017390174882	17	0	0	0	30.58828874399329	1.0910490608012913	0	0	0	
5.627017390174882	17	0	0	0	27.046629174812576	0.8279390482182222	0	0	0	
7.0675284966639325	17	0	0	0	25.921501950313683	33.3016302657922	0	0	0	
7.0675284966639325	17	0	0	0	25.64885264454537	32.87362991057424	0	0	0	
7.0675284966639325	17	0	0	0	28.167955986557658	32.66455989908333	0	0	0	
7.0675284966639325	17	0	0	0	28.320963098107747	33.06209776266222	0	0	0	
7.0675284966639325	17	0	0	0	28.94873809814007	33.1635584797129	0	0	0	
7.0675284966639325	17	0	0	0	24.2745791718121	32.97200788814333	0	0	0	
7.0675284966639325	17	0	0	0	28.61445997218939	33.49255519872418	0	0	0	
7.0675284966639325	17	0	0	0	25.57814031224725	32.99743548635429	0	0	0	
7.0675284966639325	17	0	0	0	24.149702501831673	33.07474868241679	0	0	0	
7.0675284966639325	17	0	0	0	28.80547526657711	33.0386583533281	0	0	0	
9.543273762738472	17	0	0	0	17.905539663273775	10.316450638533121	-1.5707963267948966	0	0	
9.543273762738472	17	0	0	0	18.06682212999613	10.622916676971858	-1.5707963267948966	0	0	
9.543273762738472	17	0	0	0	17.824483754752364	9.901764074157997	-1.5707963267948966	0	0	
9.543273762738472	17	0	0	0	17.831156752736817	6.5204422825262025	-1.5707963267948966	0	0	
9.543273762738472	17	0	0	0	17.938754848644667	11.356624789131228	-1.5707963267948966	0	0	
9.543273762738472	17	0	0	0	18.173088400145733	11.416628549515018	-1.5707963267948966	0	0	
9.543273762738472	17	0	0	0	18.154943761922368	10.21220440556634	-1.5707963267948966	0	0	
9.543273762738472	17	0	0	0	18.17556321923865	8.549706913893328	-1.5707963267948966	0	0	
9.543273762738472	17	0	0	0	18.001998056418287	11.671751305951776	-1.5707963267948966	0	0	
9.543273762738472	17	0	0	0	18.158855624341403	6.093874151001274	-1.5707963267948966	0	0	
10.205319657375401	17	0	0	0	17.881285969163116	27.883008575756616	1.5707963267948966	0	0	
10.205319657375401	17	0	0	0	18.04076852472067	27.786133088892804	1.5707963267948966	0	0	
10.205319657375401	17	0	0	0	17.982975189936713	27.978562143365593	1.5707963267948966	0	0	
10.205319657375401	17	0	0	0	18.137861843584954	24.25158699399895	1.5707963267948966	0	0	
10.205319657375401	17	0	0	0	18.067943993611237	24.83892112935451	1.5707963267948966	0	0	
10.205319657375401	17	0	0	0	17.994049589060264	24.809546276466563	1.5707963267948966	0	0	
10.205319657375401	17	0	0	0	18.123781763308592	25.694580452424553	1.5707963267948966	0	0	
10.205319657375401	17	0	0	0	18.138917051859043	26.226998277231058	1.5707963267948966	0	0	
10.205319657375401	17	0	0	0	17.95395658073487	27.535473168247385	1.5707963267948966	0	0	
10.205319657375401	17	0	0	0	18.041869554290482	22.87067109554739	1.5707963267948966	0	0	
8.738333754045506	17	0	0	0	26.42170987465343	17.203249431334815	0	0	0	
8.738333754045506	17	0	0	0	26.5996834044456	16.617300836786146	0	0	0	
8.738333754045506	17	0	0	0	24.965468079086914	17.355120707487163	0	0	0	
8.738333754045506	17	0	0	0	26.274766184489604	16.978930999644415	0	0	0	
8.738333754045506	17	0	0	0	27.44353631343171	17.427201103237614	0	0	0	
8.738333754045506	17	0	0	0	31.792950672054957	16.72430705691057	0	0	0	
8.738333754045506	17	0	0	0	24.668738197798568	16.647048473241178	0	0	0	
8.738333754045506	17	0	0	0	26.917062639134407	17.06298166857974	0	0	0	
8.738333754045506	17	0	0	0	25.61854233166892	16.562503076132614	0	0	0	
8.738333754045506	17	0	0	0	25.973279139754357	17.261243956216934	0	0	0	
9.216349485430452	0.6457059403041522	0	0	0	9.492165774398547	17	3.141592653589793	0	0	
9.265539811467697	1.1492400754236058	-0.12	0	0	9.492165774398547	17	3.141592653589793	0	0	
10.54596183801997	1.2872557170932115	0.05	0	0	9.492165774398547	17	3.01	0	0	
8.339367536006947	0.5501480363816745	0.02	0	0	9.492165774398547	17	3.141592653589793	0	0	
5.12472370153955	1.0704592785701352	-0.12	0	0	9.492165774398547	17	3.1	0	0	
8.077197501375057	1.0704884243498638	0	0	0	9.492165774398547	17	3.05	0	0	
4.7037301031031165	1.3078802076569658	0.02	0	0	9.492165774398547	17	3.13	0	0	
7.760914426273585	1.394036204437863	0.05	0	0	9.492165774398547	17	3.1	0	0	
10.551644414041801	0.9361130931042855	0	0	0	9.492165774398547	17	3.08	0	0	
8.145004946831245	1.4859605276975425	0.02	0	0	9.492165774398547	17	3.0	0	0	
8.850301312733542	33.12541068826084	0.02	0	0	4.428737827399404	17	3.1	0	0	
5.733636768313718	33.076558596614525	0.05	0	0	4.428737827399404	17	3.141592653589793	0	0	
8.34420750708292	32.94247292537838	0	0	0	4.428737827399404	17	3.141592653589793	0	0	
5.860020096962764	32.87148802549127	0.05	0	0	4.428737827399404	17	3.13	0	0	
10.578645532140625	32.63102363207644	0	0	0	4.428737827399404	17	3.0	0	0	
7.561110535166891	32.72950859256961	0.05	0	0	4.428737827399404	17	3.141592653589793	0	0	
11.317549311531113	32.651028366608436	0.02	0	0	4.428737827399404	17	3.1	0	0	
8.318016975947689	33.00012207462976	0.05	0	0	4.428737827399404	17	3.0	0	0	
10.068765244224707	33.11122708750383	0	0	0	4.428737827399404	17	3.141592653589793	0	0	
9.254420861227933	32.70672022579177	0.02	0	0	4.428737827399404	17	3.0	0	0	
31.301180973298404	0.5767898104725595	3.141592653589793	0	0	5.627017390174882	17	3.13	0	0	
27.188899719055744	0.6026490548978787	3.0	0	0	5.627017390174882	17	3.0	0	0	
30.83508793911999	0.9863459492982658	3.141592653589793	0	0	5.627017390174882	17	3.141592653589793	0	0	
25.0654272611631	0.5580170330271679	3.01	0	0	5.627017390174882	17	3.13	0	0	
30.212599768857135	1.3274644571789578	3.141592653589793	0	0	5.627017390174882	17	3.141592653589793	0	0	
29.37102191925054	1.2107699582262	0	3.13	0	5.627017390174882	17	3.141592653589793	0	0	
24.522659589897298	1.4342310896889339	3.141592653589793	0	0	5.627017390174882	17	3.141592653589793	0	0	
25.939708827437723	1.1177527782435228	3.01	0	0	5.627017390174882	17	3.141592653589793	0	0	
30.58828874399329	1.0910490608012913	3.141592653589793	0	0	5.627017390174882	17	3.13	0	0	
27.046629174812576	0.8279390482182222	3.13	0	0	5.627017390174882	17	3.0	0	0	
25.921501950313683	33.3016302657922	3.141592653589793	0	0	7.0675284966639325	17	3.13	0	0	
25.64885264454537	32.87362991057424	3.141592653589793	0	0	7.0675284966639325	17	3.141592653589793	0	0	
28.167955986557658	32.66455989908333	3.13	0	0	7.0675284966639325	17	3.0	0	0	
28.320963098107747	33.06209776266222	3.141592653589793	0	0	7.0675284966639325	17	3.141592653589793	0	0	
28.94873809814007	33.1635584797129	3.141592653589793	0	0	7.0675284966639325	17	3.0	0	0	
24.2745791718121	32.97200788814333	3.13	0	0	7.0675284966639325	17	3.141592653589793	0	0	
28.61445997218939	33.49255519872418	3.141592653589793	0	0	7.0675284966639325	17	3.141592653589793	0	0	
25.57814031224725	32.99743548635429	3.0	0	0	7.0675284966639325	17	3.13	0	0	
24.149702501831673	33.07474868241679	3.13	0	0	7.0675284966639325	17	3.141592653589793	0	0	
28.80547526657711	33.0386583533281	3.141592653589793	0	0	7.0675284966639325	17	3.0	0	0	
17.905539663273775	10.316450638533121	1.5707963267948966	0	0	9.543273762738472	17	3.141592653589793	0	0	
18.06682212999613	10.622916676971858	1.5707963267948966	0	0	9.543273762738472	17	3.141592653589793	0	0	
17.824483754752364	9.901764074157997	1.5707963267948966	0	0	9.543273762738472	17	3.141592653589793	0	0	
17.831156752736817	6.5204422825262025	1.5707963267948966	0	0	9.543273762738472	17	3.141592653589793	0	0	
17.938754848644667	11.356624789131228	1.5707963267948966	0	0	9.543273762738472	17	3.141592653589793	0	0	
18.173088400145733	11.416628549515018	1.5707963267948966	0	0	9.543273762738472	17	3.141592653589793	0	0	
18.154943761922368	10.21220440556634	1.5707963267948966	0	0	9.543273762738472	17	3.141592653589793	0	0	
18.17556321923865	8.549706913893328	1.5707963267948966	0	0	9.543273762738472	17	3.141592653589793	0	0	
18.001998056418287	11.671751305951776	1.5707963267948966	0	0	9.543273762738472	17	3.141592653589793	0	0	
18.158855624341403	6.093874151001274	1.5707963267948966	0	0	9.543273762738472	17	3.141592653589793	0	0	
17.881285969163116	27.883008575756616	-1.5707963267948966	0	0	10.205319657375401	17	3.141592653589793	0	0	
18.04076852472067	27.786133088892804	-1.5707963267948966	0	0	10.205319657375401	17	3.141592653589793	0	0	
17.982975189936713	27.978562143365593	-1.5707963267948966	0	0	10.205319657375401	17	3.141592653589793	0	0	
18.137861843584954	24.25158699399895	-1.5707963267948966	0	0	10.205319657375401	17	3.141592653589793	0	0	
18.067943993611237	24.83892112935451	-1.5707963267948966	0	0	10.205319657375401	17	3.141592653589793	0	0	
17.994049589060264	24.809546276466563	-1.5707963267948966	0	0	10.205319657375401	17	3.141592653589793	0	0	
18.123781763308592	25.694580452424553	-1.5707963267948966	0	0	10.205319657375401	17	3.141592653589793	0	0	
18.138917051859043	26.226998277231058	-1.5707963267948966	0	0	10.205319657375401	17	3.141592653589793	0	0	
17.95395658073487	27.535473168247385	-1.5707963267948966	0	0	10.205319657375401	17	3.141592653589793	0	0	
18.041869554290482	22.87067109554739	-1.5707963267948966	0	0	10.205319657375401	17	3.141592653589793	0	0	
26.42170987465343	17.203249431334815	3.141592653589793	0	0	8.738333754045506	17	3.141592653589793	0	0	
26.5996834044456	16.617300836786146	3.141592653589793	0	0	8.738333754045506	17	3.141592653589793	0	0	
24.965468079086914	17.355120707487163	3.141592653589793	0	0	8.738333754045506	17	3.141592653589793	0	0	
26.274766184489604	16.978930999644415	3.141592653589793	0	0	8.738333754045506	17	3.141592653589793	0	0	
27.44353631343171	17.427201103237614	3.141592653589793	0	0	8.738333754045506	17	3.141592653589793	0	0	
31.792950672054957	16.72430705691057	3.141592653589793	0	0	8.738333754045506	17	3.141592653589793	0	0	
24.668738197798568	16.647048473241178	3.141592653589793	0	0	8.738333754045506	17	3.141592653589793	0	0	
26.917062639134407	17.06298166857974	3.141592653589793	0	0	8.738333754045506	17	3.141592653589793	0	0	
25.61854233166892	16.562503076132614	3.141592653589793	0	0	8.738333754045506	17	3.141592653589793	0	0	
25.973279139754357	17.261243956216934	3.141592653589793	0	0	8.738333754045506	17	3.141592653589793	0	0	