525
2.4685406697885903	33.57029307328178	0.24842906310434998	0.0	0.0	3.4619721767197476	33.659756306948026	0.030488799713558612	0.0	0.0	
3.4619721767197476	33.659756306948026	0.030488799713558612	0.0	0.0	4.461507429268588	33.690240383317914	0.030488799713558612	0.0	0.0	
4.461507429268588	33.690240383317914	0.030488799713558612	0.0	0.0	5.461042681817429	33.720724459687794	0.030488799713558612	0.0	0.0	
5.461042681817429	33.720724459687794	0.030488799713558612	0.0	0.0	6.46057793436627	33.75120853605768	0.030488799713558612	0.0	0.0	
6.46057793436627	33.75120853605768	0.030488799713558612	0.0	0.0	7.460113186915111	33.78169261242756	0.030488799713558612	0.0	0.0	
7.460113186915111	33.78169261242756	0.030488799713558612	0.0	0.0	8.459648439463951	33.81217668879745	0.030488799713558612	0.0	0.0	
8.459648439463951	33.81217668879745	0.030488799713558612	0.0	0.0	9.450621183767268	33.91826223068375	0.2774119459033649	0.0	0.0	
9.450621183767268	33.91826223068375	0.2774119459033649	0.0	0.0	9.737341865138834	34.01911777988768	0.39906364853037957	0.0	0.0	
9.737341865138834	34.01911777988768	0.39906364853037957	0.0	0.0	10.70752041463665	34.24844501776506	0.16180747645394555	0.0	0.0	
10.70752041463665	34.24844501776506	0.16180747645394555	0.0	0.0	11.694458121640851	34.40954735323319	0.16180747645394555	0.0	0.0	
11.694458121640851	34.40954735323319	0.16180747645394555	0.0	0.0	12.681395828645055	34.570649688701316	0.16180747645394555	0.0	0.0	
12.681395828645055	34.570649688701316	0.16180747645394555	0.0	0.0	13.668333535649259	34.731752024169445	0.16180747645394555	0.0	0.0	
13.668333535649259	34.731752024169445	0.16180747645394555	0.0	0.0	14.655271242653463	34.892854359637575	0.16180747645394555	0.0	0.0	
14.655271242653463	34.892854359637575	0.16180747645394555	0.0	0.0	15.561317526475094	34.948876451904255	-0.1083470898282286	0.0	0.0	
15.561317526475094	34.948876451904255	-0.1083470898282286	0.0	0.0	16.559729874791284	34.97218637106934	0.05783703524450523	0.0	0.0	
16.559729874791284	34.97218637106934	0.05783703524450523	0.0	0.0	17.558057779659926	35.02999116637725	0.05783703524450523	0.0	0.0	
17.558057779659926	35.02999116637725	0.05783703524450523	0.0	0.0	18.556385684528568	35.08779596168516	0.05783703524450523	0.0	0.0	
18.556385684528568	35.08779596168516	0.05783703524450523	0.0	0.0	19.5368856816896	35.257337998850254	0.3590827234986831	0.0	0.0	
19.5368856816896	35.257337998850254	0.3590827234986831	0.0	0.0	19.65783931129061	35.306377700438524	0.4112954320205038	0.0	0.0	
19.65783931129061	35.306377700438524	0.4112954320205038	0.0	0.0	20.62909398389073	35.51470901329468	0.01129543202050387	0.0	0.0	
20.62909398389073	35.51470901329468	0.01129543202050387	0.0	0.0	21.625914404963527	35.43928169267912	-0.08779094617586036	0.0	0.0	
21.625914404963527	35.43928169267912	-0.08779094617586036	0.0	0.0	22.62206325428361	35.351603474185154	-0.08779094617586036	0.0	0.0	
22.62206325428361	35.351603474185154	-0.08779094617586036	0.0	0.0	23.618212103603696	35.2639252556912	-0.08779094617586036	0.0	0.0	
23.618212103603696	35.2639252556912	-0.08779094617586036	0.0	0.0	24.61436095292378	35.176247037197236	-0.08779094617586036	0.0	0.0	
24.61436095292378	35.176247037197236	-0.08779094617586036	0.0	0.0	25.61050980224386	35.08856881870327	-0.08779094617586036	0.0	0.0	
25.61050980224386	35.08856881870327	-0.08779094617586036	0.0	0.0	26.606658651563944	35.00089060020931	-0.08779094617586036	0.0	0.0	
26.606658651563944	35.00089060020931	-0.08779094617586036	0.0	0.0	27.07649741602824	34.95936572401202	-0.09946429115278477	0.0	0.0	
27.07649741602824	34.95936572401202	-0.09946429115278477	0.0	0.0	28.025634844222566	34.666320134786375	-0.4994642911527851	0.0	0.0	
28.025634844222566	34.666320134786375	-0.4994642911527851	0.0	0.0	28.792496209816132	34.032827034409	-0.8143046783131753	0.0	0.0	
28.792496209816132	34.032827034409	-0.8143046783131753	0.0	0.0	29.48732620456436	33.31409812424777	-0.7162977707206633	0.0	0.0	
29.48732620456436	33.31409812424777	-0.7162977707206633	0.0	0.0	30.351192895910142	32.82371876645706	-0.3162977707206638	0.0	0.0	
30.351192895910142	32.82371876645706	-0.3162977707206638	0.0	0.0	31.337829525940307	32.708455002651384	0.08370222927933568	0.0	0.0	
31.337829525940307	32.708455002651384	0.08370222927933568	0.0	0.0	31.453512392192586	32.72087747346074	0.1302456065747215	0.0	0.0	
31.453512392192586	32.72087747346074	0.1302456065747215	0.0	0.0	32.44444337470565	32.65164335716226	-0.26975439342527885	0.0	0.0	
32.44444337470565	32.65164335716226	-0.26975439342527885	0.0	0.0	33.33019021564723	32.20198781263295	-0.6697543934252783	0.0	0.0	
33.33019021564723	32.20198781263295	-0.6697543934252783	0.0	0.0	33.96074512006702	31.50098414023707	-0.9434435104334566	0.0	0.0	
3.7536680684994237	33.69384366171723	-0.2923690816189568	0.0	0.0	4.742780094308616	33.602219563557576	0.10763091838104266	0.0	0.0	
4.742780094308616	33.602219563557576	0.10763091838104266	0.0	0.0	5.698299566686412	33.88328408131458	0.3761475960548424	0.0	0.0	
5.698299566686412	33.88328408131458	0.3761475960548424	0.0	0.0	6.628386243053248	34.25062421585598	0.3761475960548424	0.0	0.0	
6.628386243053248	34.25062421585598	0.3761475960548424	0.0	0.0	7.558472919420083	34.61796435039738	0.3761475960548424	0.0	0.0	
7.558472919420083	34.61796435039738	0.3761475960548424	0.0	0.0	8.488559595786919	34.98530448493878	0.3761475960548424	0.0	0.0	
8.488559595786919	34.98530448493878	0.3761475960548424	0.0	0.0	9.418646272153754	35.352644619480174	0.3761475960548424	0.0	0.0	
9.418646272153754	35.352644619480174	0.3761475960548424	0.0	0.0	9.83580707968937	35.51486825260789	0.3327126964391729	0.0	0.0	
9.83580707968937	35.51486825260789	0.3327126964391729	0.0	0.0	10.820418827036157	35.646311327551544	-0.06728730356082657	0.0	0.0	
10.820418827036157	35.646311327551544	-0.06728730356082657	0.0	0.0	11.778492646106816	35.38395254234453	-0.4672873035608269	0.0	0.0	
11.778492646106816	35.38395254234453	-0.4672873035608269	0.0	0.0	12.655882307406447	34.9042076518633	-0.5018673448906155	0.0	0.0	
12.655882307406447	34.9042076518633	-0.5018673448906155	0.0	0.0	13.532568086932532	34.42314420077109	-0.5018673448906155	0.0	0.0	
13.532568086932532	34.42314420077109	-0.5018673448906155	0.0	0.0	14.409253866458615	33.94208074967889	-0.5018673448906155	0.0	0.0	
14.409253866458615	33.94208074967889	-0.5018673448906155	0.0	0.0	15.212213187311734	33.355308717391324	-0.8234262856763008	0.0	0.0	
15.212213187311734	33.355308717391324	-0.8234262856763008	0.0	0.0	15.72919381726804	32.50709376632414	-1.2234262856763003	0.0	0.0	
15.72919381726804	32.50709376632414	-1.2234262856763003	0.0	0.0	15.836578501213797	32.11201859172333	-1.3873735017045128	0.0	0.0	
15.836578501213797	32.11201859172333	-1.3873735017045128	0.0	0.0	16.208186451799747	31.190799233467516	-0.9873735017045124	0.0	0.0	
16.208186451799747	31.190799233467516	-0.9873735017045124	0.0	0.0	16.81152969861996	30.39347702747174	-0.9167870883160374	0.0	0.0	
16.81152969861996	30.39347702747174	-0.9167870883160374	0.0	0.0	17.33263578868189	29.54532088768314	-1.204016796208041	0.0	0.0	
17.33263578868189	29.54532088768314	-1.204016796208041	0.0	0.0	17.47796944885566	28.971755152698478	-1.4412495441827566	0.0	0.0	
17.47796944885566	28.971755152698478	-1.4412495441827566	0.0	0.0	17.60262369775908	27.979554952063364	-1.4458433460263738	0.0	0.0	
17.60262369775908	27.979554952063364	-1.4458433460263738	0.0	0.0	17.72725177863472	26.98735142382067	-1.4458433460263738	0.0	0.0	
17.72725177863472	26.98735142382067	-1.4458433460263738	0.0	0.0	17.851879859510362	25.995147895577972	-1.4458433460263738	0.0	0.0	
17.851879859510362	25.995147895577972	-1.4458433460263738	0.0	0.0	17.9754550206273	25.002822482126994	-1.4749634548213013	0.0	0.0	
17.9754550206273	25.002822482126994	-1.4749634548213013	0.0	0.0	17.9044386215877	24.126713214142537	-1.8283932009679749	0.0	0.0	
17.9044386215877	24.126713214142537	-1.8283932009679749	0.0	0.0	17.713645266608534	23.145220525967847	-1.7562975113976425	0.0	0.0	
17.713645266608534	23.145220525967847	-1.7562975113976425	0.0	0.0	17.529206123689217	22.162376589954004	-1.7562975113976425	0.0	0.0	
17.529206123689217	22.162376589954004	-1.7562975113976425	0.0	0.0	17.52215727169381	21.168941280917387	-1.378501342548038	0.0	0.0	
17.52215727169381	21.168941280917387	-1.378501342548038	0.0	0.0	17.901923694316093	20.251055101038524	-0.9785013425480376	0.0	0.0	
17.901923694316093	20.251055101038524	-0.9785013425480376	0.0	0.0	18.609153447621935	19.553513954579845	-0.5785013425480381	0.0	0.0	
18.609153447621935	19.553513954579845	-0.5785013425480381	0.0	0.0	18.828042159398485	19.425907640845416	-0.47711048492560426	0.0	0.0	
18.828042159398485	19.425907640845416	-0.47711048492560426	0.0	0.0	19.780107793886025	19.133594350371045	-0.20623815876296536	0.0	0.0	
19.780107793886025	19.133594350371045	-0.20623815876296536	0.0	0.0	20.75891597953872	18.928815113876524	-0.20623815876296536	0.0	0.0	
20.75891597953872	18.928815113876524	-0.20623815876296536	0.0	0.0	21.737724165191416	18.724035877382008	-0.20623815876296536	0.0	0.0	
21.737724165191416	18.724035877382008	-0.20623815876296536	0.0	0.0	22.716532350844112	18.519256640887487	-0.20623815876296536	0.0	0.0	
22.716532350844112	18.519256640887487	-0.20623815876296536	0.0	0.0	23.695340536496808	18.314477404392967	-0.20623815876296536	0.0	0.0	
23.695340536496808	18.314477404392967	-0.20623815876296536	0.0	0.0	24.6741487221495	18.10969816789845	-0.20623815876296536	0.0	0.0	
24.6741487221495	18.10969816789845	-0.20623815876296536	0.0	0.0	25.652956907802196	17.90491893140393	-0.20623815876296536	0.0	0.0	
25.652956907802196	17.90491893140393	-0.20623815876296536	0.0	0.0	26.63176509345489	17.70013969490941	-0.20623815876296536	0.0	0.0	
26.63176509345489	17.70013969490941	-0.20623815876296536	0.0	0.0	27.610573279107587	17.495360458414893	-0.20623815876296536	0.0	0.0	
27.610573279107587	17.495360458414893	-0.20623815876296536	0.0	0.0	28.589381464760287	17.290581221920373	-0.20623815876296536	0.0	0.0	
28.589381464760287	17.290581221920373	-0.20623815876296536	0.0	0.0	29.568189650412982	17.085801985425853	-0.20623815876296536	0.0	0.0	
29.568189650412982	17.085801985425853	-0.20623815876296536	0.0	0.0	30.546997836065675	16.881022748931336	-0.20623815876296536	0.0	0.0	
30.546997836065675	16.881022748931336	-0.20623815876296536	0.0	0.0	31.525806021718374	16.676243512436816	-0.20623815876296536	0.0	0.0	
31.525806021718374	16.676243512436816	-0.20623815876296536	0.0	0.0	32.50461420737106	16.4714642759423	-0.20623815876296536	0.0	0.0	
32.50461420737106	16.4714642759423	-0.20623815876296536	0.0	0.0	33.16781237028436	16.347842044658726	-0.09734775265551221	0.0	0.0	
2.5690226156460243	33.9534298485606	0.2294865483583104	0.0	0.0	3.5599517780289416	34.08407625093324	0.11459558619707949	0.0	0.0	
3.5599517780289416	34.08407625093324	0.11459558619707949	0.0	0.0	4.553392886251401	34.19842118739189	0.11459558619707949	0.0	0.0	
4.553392886251401	34.19842118739189	0.11459558619707949	0.0	0.0	5.54683399447386	34.31276612385054	0.11459558619707949	0.0	0.0	
5.54683399447386	34.31276612385054	0.11459558619707949	0.0	0.0	6.541668892329319	34.40818730939654	-0.00863757936573073	0.0	0.0	
6.541668892329319	34.40818730939654	-0.00863757936573073	0.0	0.0	7.513473847653212	34.2024381811557	-0.4086375793657311	0.0	0.0	
7.513473847653212	34.2024381811557	-0.4086375793657311	0.0	0.0	8.09238344139499	33.851948964412166	-0.6801675423938516	0.0	0.0	
8.09238344139499	33.851948964412166	-0.6801675423938516	0.0	0.0	8.973400014829727	33.39309455144739	-0.2801675423938512	0.0	0.0	
8.973400014829727	33.39309455144739	-0.2801675423938512	0.0	0.0	9.94875929212841	33.17289071523821	-0.2170685886086483	0.0	0.0	
9.94875929212841	33.17289071523821	-0.2170685886086483	0.0	0.0	10.92529226832116	32.95752278260169	-0.2170685886086483	0.0	0.0	
10.92529226832116	32.95752278260169	-0.2170685886086483	0.0	0.0	11.901825244513912	32.742154849965175	-0.2170685886086483	0.0	0.0	
11.901825244513912	32.742154849965175	-0.2170685886086483	0.0	0.0	12.878358220706662	32.52678691732866	-0.2170685886086483	0.0	0.0	
12.878358220706662	32.52678691732866	-0.2170685886086483	0.0	0.0	13.854891196899413	32.31141898469214	-0.2170685886086483	0.0	0.0	
13.854891196899413	32.31141898469214	-0.2170685886086483	0.0	0.0	14.844338457455073	32.21551746434006	0.09329590582080094	0.0	0.0	
14.844338457455073	32.21551746434006	0.09329590582080094	0.0	0.0	15.832035469796036	32.10972433234808	-0.3067040941791994	0.0	0.0	
15.832035469796036	32.10972433234808	-0.3067040941791994	0.0	0.0	16.700566875668528	31.62765507178785	-0.7067040941791989	0.0	0.0	
16.700566875668528	31.62765507178785	-0.7067040941791989	0.0	0.0	17.312810663358842	30.845417819160136	-1.1067040941791983	0.0	0.0	
17.312810663358842	30.845417819160136	-1.1067040941791983	0.0	0.0	17.572617518854553	29.88655032526915	-1.4864642470011606	0.0	0.0	
17.572617518854553	29.88655032526915	-1.4864642470011606	0.0	0.0	17.656849673972374	28.890104168146642	-1.4864642470011606	0.0	0.0	
17.656849673972374	28.890104168146642	-1.4864642470011606	0.0	0.0	17.741081829090195	27.893658011024137	-1.4864642470011606	0.0	0.0	
17.741081829090195	27.893658011024137	-1.4864642470011606	0.0	0.0	17.825313984208012	26.897211853901634	-1.4864642470011606	0.0	0.0	
17.825313984208012	26.897211853901634	-1.4864642470011606	0.0	0.0	17.909546139325833	25.90076569677913	-1.4864642470011606	0.0	0.0	
17.909546139325833	25.90076569677913	-1.4864642470011606	0.0	0.0	17.993778294443654	24.904319539656623	-1.4864642470011606	0.0	0.0	
17.993778294443654	24.904319539656623	-1.4864642470011606	0.0	0.0	18.078010449561475	23.90787338253412	-1.4864642470011606	0.0	0.0	
18.078010449561475	23.90787338253412	-1.4864642470011606	0.0	0.0	18.162242604679292	22.911427225411614	-1.4864642470011606	0.0	0.0	
18.162242604679292	22.911427225411614	-1.4864642470011606	0.0	0.0	18.22703549425519	21.914149765643273	-1.6112535125770773	0.0	0.0	
18.22703549425519	21.914149765643273	-1.6112535125770773	0.0	0.0	17.99047328306373	20.949382490493385	-2.0112535125770776	0.0	0.0	
17.99047328306373	20.949382490493385	-2.0112535125770776	0.0	0.0	17.396886984677696	20.152894649197417	-2.411253512577077	0.0	0.0	
17.396886984677696	20.152894649197417	-2.411253512577077	0.0	0.0	16.539990823833293	19.650434158716763	-2.8112535125770775	0.0	0.0	
16.539990823833293	19.650434158716763	-2.8112535125770775	0.0	0.0	16.535379498126535	19.648857938662122	-2.813202822278672	0.0	0.0	
16.535379498126535	19.648857938662122	-2.813202822278672	0.0	0.0	15.668354505575186	19.1599746534727	-2.522825382363741	0.0	0.0	
15.668354505575186	19.1599746534727	-2.522825382363741	0.0	0.0	14.853760408725993	18.579943225549652	-2.522825382363741	0.0	0.0	
14.853760408725993	18.579943225549652	-2.522825382363741	0.0	0.0	14.039166311876802	17.999911797626606	-2.522825382363741	0.0	0.0	
14.039166311876802	17.999911797626606	-2.522825382363741	0.0	0.0	13.20067595940112	17.4583993580159	-2.71335099900919	0.0	0.0	
13.20067595940112	17.4583993580159	-2.71335099900919	0.0	0.0	12.8665110423794	17.333817351596505	-2.8561253058845226	0.0	0.0	
12.8665110423794	17.333817351596505	-2.8561253058845226	0.0	0.0	11.876790213998445	17.24902196945306	3.0270600012950637	0.0	0.0	
11.876790213998445	17.24902196945306	3.0270600012950637	0.0	0.0	10.887307226771577	17.393584101897915	2.9952560999643216	0.0	0.0	
10.887307226771577	17.393584101897915	2.9952560999643216	0.0	0.0	9.897995326536936	17.53939892986175	2.9952560999643216	0.0	0.0	
9.897995326536936	17.53939892986175	2.9952560999643216	0.0	0.0	8.908683426302295	17.685213757825583	2.9952560999643216	0.0	0.0	
8.908683426302295	17.685213757825583	2.9952560999643216	0.0	0.0	7.919371526067653	17.83102858578942	2.9952560999643216	0.0	0.0	
7.919371526067653	17.83102858578942	2.9952560999643216	0.0	0.0	6.930059625833012	17.976843413753254	2.9952560999643216	0.0	0.0	
6.930059625833012	17.976843413753254	2.9952560999643216	0.0	0.0	5.940747725598371	18.122658241717087	2.9952560999643216	0.0	0.0	
5.940747725598371	18.122658241717087	2.9952560999643216	0.0	0.0	4.9514358253637285	18.268473069680923	2.9952560999643216	0.0	0.0	
4.9514358253637285	18.268473069680923	2.9952560999643216	0.0	0.0	4.500706648788884	18.336180324775547	2.9634982434727952	0.0	0.0	
34.49241163615318	33.060223518021914	-3.01658786764991	0.0	0.0	33.496581574339125	33.103825751837164	3.024822970849593	0.0	0.0	
33.496581574339125	33.103825751837164	3.024822970849593	0.0	0.0	32.50339141069793	33.22033025323675	3.024822970849593	0.0	0.0	
32.50339141069793	33.22033025323675	3.024822970849593	0.0	0.0	31.510201247056727	33.33683475463634	3.024822970849593	0.0	0.0	
31.510201247056727	33.33683475463634	3.024822970849593	0.0	0.0	30.51701108341553	33.45333925603593	3.024822970849593	0.0	0.0	
30.51701108341553	33.45333925603593	3.024822970849593	0.0	0.0	29.52382091977433	33.56984375743552	3.024822970849593	0.0	0.0	
29.52382091977433	33.56984375743552	3.024822970849593	0.0	0.0	28.530630756133128	33.68634825883511	3.024822970849593	0.0	0.0	
28.530630756133128	33.68634825883511	3.024822970849593	0.0	0.0	27.53744059249193	33.8028527602347	3.024822970849593	0.0	0.0	
27.53744059249193	33.8028527602347	3.024822970849593	0.0	0.0	26.544250428850727	33.91935726163429	3.024822970849593	0.0	0.0	
26.544250428850727	33.91935726163429	3.024822970849593	0.0	0.0	25.55106026520953	34.03586176303388	3.024822970849593	0.0	0.0	
25.55106026520953	34.03586176303388	3.024822970849593	0.0	0.0	25.38963600885421	34.05287344852517	3.0639234288228963	0.0	0.0	
25.38963600885421	34.05287344852517	3.0639234288228963	0.0	0.0	24.40371271673588	33.93165943521612	-2.81926187835669	0.0	0.0	
24.40371271673588	33.93165943521612	-2.81926187835669	0.0	0.0	23.52807441983083	33.45639425771751	-2.561016914634771	0.0	0.0	
23.52807441983083	33.45639425771751	-2.561016914634771	0.0	0.0	22.677437593087188	32.93261376928624	-2.712479697154339	0.0	0.0	
22.677437593087188	32.93261376928624	-2.712479697154339	0.0	0.0	21.710048837545372	32.70701108620116	-3.1124796971543387	0.0	0.0	
21.710048837545372	32.70701108620116	-3.1124796971543387	0.0	0.0	20.73117096591143	32.875936180220215	2.7707056100252476	0.0	0.0	
20.73117096591143	32.875936180220215	2.7707056100252476	0.0	0.0	20.300720842863274	33.093223997834784	2.577531840088511	0.0	0.0	
20.300720842863274	33.093223997834784	2.577531840088511	0.0	0.0	19.58349231408001	33.780479999964506	2.1775318400885113	0.0	0.0	
19.58349231408001	33.780479999964506	2.1775318400885113	0.0	0.0	19.117809164102397	34.66340469129184	2.132204956699227	0.0	0.0	
19.117809164102397	34.66340469129184	2.132204956699227	0.0	0.0	18.4324577985866	35.38245342451482	2.532204956699227	0.0	0.0	
18.4324577985866	35.38245342451482	2.532204956699227	0.0	0.0	17.52119662289256	35.777852772815564	2.932204956699227	0.0	0.0	
17.52119662289256	35.777852772815564	2.932204956699227	0.0	0.0	16.527893739846377	35.787177873140536	-2.9509803504803593	0.0	0.0	
16.527893739846377	35.787177873140536	-2.9509803504803593	0.0	0.0	15.609369833931513	35.408956497188775	-2.5509803504803594	0.0	0.0	
15.609369833931513	35.408956497188775	-2.5509803504803594	0.0	0.0	14.910639633382985	34.702901483889285	-2.15098035048036	0.0	0.0	
14.910639633382985	34.702901483889285	-2.15098035048036	0.0	0.0	14.542017273183724	33.78048339510033	-1.7509803504803596	0.0	0.0	
14.542017273183724	33.78048339510033	-1.7509803504803596	0.0	0.0	14.56170011873861	32.787331764907435	-1.3509803504803592	0.0	0.0	
14.56170011873861	32.787331764907435	-1.3509803504803592	0.0	0.0	14.966580681521048	31.88024339829429	-0.9509803504803598	0.0	0.0	
14.966580681521048	31.88024339829429	-0.9509803504803598	0.0	0.0	15.692737223183844	31.202427603284857	-0.5509803504803594	0.0	0.0	
15.692737223183844	31.202427603284857	-0.5509803504803594	0.0	0.0	16.602574438413477	30.79201059020374	-0.49223734163323307	0.0	0.0	
16.602574438413477	30.79201059020374	-0.49223734163323307	0.0	0.0	17.367272494745993	30.157996033899856	-0.8922373416332334	0.0	0.0	
17.367272494745993	30.157996033899856	-0.8922373416332334	0.0	0.0	17.672675121282523	29.67523614894427	-1.1212378496559143	0.0	0.0	
17.672675121282523	29.67523614894427	-1.1212378496559143	0.0	0.0	17.98268775361946	28.72596942458197	-1.2912262915360015	0.0	0.0	
17.98268775361946	28.72596942458197	-1.2912262915360015	0.0	0.0	18.258630156698693	27.764795251924976	-1.2912262915360015	0.0	0.0	
18.258630156698693	27.764795251924976	-1.2912262915360015	0.0	0.0	18.534385245748084	26.80356814586303	-1.3037050897005091	0.0	0.0	
18.534385245748084	26.80356814586303	-1.3037050897005091	0.0	0.0	18.600980115528554	25.81245629633097	-1.7037050897005086	0.0	0.0	
18.600980115528554	25.81245629633097	-1.7037050897005086	0.0	0.0	18.476079838648126	25.299268933467655	-1.915367145086611	0.0	0.0	
18.476079838648126	25.299268933467655	-1.915367145086611	0.0	0.0	18.33297063258291	24.316285042397553	-1.5153671450866106	0.0	0.0	
18.33297063258291	24.316285042397553	-1.5153671450866106	0.0	0.0	18.55603827103669	23.344897926658387	-1.2696681382054757	0.0	0.0	
18.55603827103669	23.344897926658387	-1.2696681382054757	0.0	0.0	18.85263608912504	22.389895447967767	-1.2696681382054757	0.0	0.0	
18.85263608912504	22.389895447967767	-1.2696681382054757	0.0	0.0	19.149233907213382	21.434892969277143	-1.2696681382054757	0.0	0.0	
19.149233907213382	21.434892969277143	-1.2696681382054757	0.0	0.0	19.44583172530173	20.47989049058652	-1.2696681382054757	0.0	0.0	
19.44583172530173	20.47989049058652	-1.2696681382054757	0.0	0.0	19.68218277891927	19.801396563058272	-1.1296222413396437	0.0	0.0	
19.68218277891927	19.801396563058272	-1.1296222413396437	0.0	0.0	20.27633992659403	19.005334468224632	-0.7296222413396443	0.0	0.0	
20.27633992659403	19.005334468224632	-0.7296222413396443	0.0	0.0	21.133596080970136	18.503488415387476	-0.3296222413396439	0.0	0.0	
21.133596080970136	18.503488415387476	-0.3296222413396439	0.0	0.0	22.117210379617994	18.340568502724953	-0.09593580488710085	0.0	0.0	
22.117210379617994	18.340568502724953	-0.09593580488710085	0.0	0.0	23.11261206869323	18.24477979051853	-0.09593580488710085	0.0	0.0	
23.11261206869323	18.24477979051853	-0.09593580488710085	0.0	0.0	24.108013757768468	18.148991078312104	-0.09593580488710085	0.0	0.0	
24.108013757768468	18.148991078312104	-0.09593580488710085	0.0	0.0	25.103415446843705	18.05320236610568	-0.09593580488710085	0.0	0.0	
25.103415446843705	18.05320236610568	-0.09593580488710085	0.0	0.0	26.098817135918942	17.957413653899255	-0.09593580488710085	0.0	0.0	
26.098817135918942	17.957413653899255	-0.09593580488710085	0.0	0.0	27.09421882499418	17.86162494169283	-0.09593580488710085	0.0	0.0	
27.09421882499418	17.86162494169283	-0.09593580488710085	0.0	0.0	28.089620514069416	17.765836229486407	-0.09593580488710085	0.0	0.0	
28.089620514069416	17.765836229486407	-0.09593580488710085	0.0	0.0	29.085022203144653	17.670047517279983	-0.09593580488710085	0.0	0.0	
29.085022203144653	17.670047517279983	-0.09593580488710085	0.0	0.0	30.08042389221989	17.57425880507356	-0.09593580488710085	0.0	0.0	
30.08042389221989	17.57425880507356	-0.09593580488710085	0.0	0.0	31.076601917213488	17.49082319053491	0.003586551186716136	0.0	0.0	
31.076601917213488	17.49082319053491	0.003586551186716136	0.0	0.0	32.04943371601492	17.691661100812617	0.4035865511867165	0.0	0.0	
32.04943371601492	17.691661100812617	0.4035865511867165	0.0	0.0	32.65199900618691	18.05695280828633	0.6863855227095206	0.0	0.0	
32.65199900618691	18.05695280828633	0.6863855227095206	0.0	0.0	33.53014541885938	18.52127645928251	0.28638552270952067	0.0	0.0	
33.53014541885938	18.52127645928251	0.28638552270952067	0.0	0.0	34.51701836277157	18.674199860800652	0.11855300215228559	0.0	0.0	
34.51701836277157	18.674199860800652	0.11855300215228559	0.0	0.0	34.76596619497478	18.710584182383737	0.191696627846496	0.0	0.0	
33.521929376548485	32.8438472885444	-2.980121740514981	0.0	0.0	32.52379826181473	32.82297079769454	3.121192956753171	0.0	0.0	
32.52379826181473	32.82297079769454	3.121192956753171	0.0	0.0	31.52400632841456	32.84336907967968	3.121192956753171	0.0	0.0	
31.52400632841456	32.84336907967968	3.121192956753171	0.0	0.0	30.52421439501439	32.86376736166483	3.121192956753171	0.0	0.0	
30.52421439501439	32.86376736166483	3.121192956753171	0.0	0.0	29.52442246161422	32.884165643649965	3.121192956753171	0.0	0.0	
29.52442246161422	32.884165643649965	3.121192956753171	0.0	0.0	28.524630528214047	32.90456392563511	3.121192956753171	0.0	0.0	
28.524630528214047	32.90456392563511	3.121192956753171	0.0	0.0	27.524838594813872	32.924962207620254	3.121192956753171	0.0	0.0	
27.524838594813872	32.924962207620254	3.121192956753171	0.0	0.0	26.5250466614137	32.9453604896054	3.121192956753171	0.0	0.0	
26.5250466614137	32.9453604896054	3.121192956753171	0.0	0.0	25.52525472801353	32.96575877159054	3.121192956753171	0.0	0.0	
25.52525472801353	32.96575877159054	3.121192956753171	0.0	0.0	24.525462794613354	32.98615705357568	3.121192956753171	0.0	0.0	
24.525462794613354	32.98615705357568	3.121192956753171	0.0	0.0	23.525755237830914	32.99696600465839	-3.0743944216094663	0.0	0.0	
23.525755237830914	32.99696600465839	-3.0743944216094663	0.0	0.0	22.594917906283595	32.7482361386033	-2.686570066717991	0.0	0.0	
22.594917906283595	32.7482361386033	-2.686570066717991	0.0	0.0	21.643497053545904	32.44688653811603	-2.8830857335539433	0.0	0.0	
21.643497053545904	32.44688653811603	-2.8830857335539433	0.0	0.0	20.676724310913286	32.1912491697549	-2.8830857335539433	0.0	0.0	
20.676724310913286	32.1912491697549	-2.8830857335539433	0.0	0.0	19.709951568280673	31.935611801393755	-2.8830857335539433	0.0	0.0	
19.709951568280673	31.935611801393755	-2.8830857335539433	0.0	0.0	18.743178825648055	31.679974433032616	-2.8830857335539433	0.0	0.0	
18.743178825648055	31.679974433032616	-2.8830857335539433	0.0	0.0	17.795236072587628	31.369429608009963	-2.667453564804301	0.0	0.0	
17.795236072587628	31.369429608009963	-2.667453564804301	0.0	0.0	17.019189320670144	30.74935782684083	-2.267453564804301	0.0	0.0	
17.019189320670144	30.74935782684083	-2.267453564804301	0.0	0.0	16.645434074549062	30.14533839580984	-1.9823673296562045	0.0	0.0	
16.645434074549062	30.14533839580984	-1.9823673296562045	0.0	0.0	16.436835120139797	29.174141170122237	-1.5823673296562042	0.0	0.0	
16.436835120139797	29.174141170122237	-1.5823673296562042	0.0	0.0	16.59032165056356	28.189056603553645	-1.3470865480776464	0.0	0.0	
16.59032165056356	28.189056603553645	-1.3470865480776464	0.0	0.0	16.812170127241693	27.213975451343437	-1.3470865480776464	0.0	0.0	
16.812170127241693	27.213975451343437	-1.3470865480776464	0.0	0.0	17.034018603919826	26.238894299133225	-1.3470865480776464	0.0	0.0	
17.034018603919826	26.238894299133225	-1.3470865480776464	0.0	0.0	17.25586708059796	25.263813146923013	-1.3470865480776464	0.0	0.0	
17.25586708059796	25.263813146923013	-1.3470865480776464	0.0	0.0	17.477715557276095	24.288731994712805	-1.3470865480776464	0.0	0.0	
17.477715557276095	24.288731994712805	-1.3470865480776464	0.0	0.0	17.69956403395423	23.313650842502593	-1.3470865480776464	0.0	0.0	
17.69956403395423	23.313650842502593	-1.3470865480776464	0.0	0.0	17.92141251063236	22.33856969029238	-1.3470865480776464	0.0	0.0	
17.92141251063236	22.33856969029238	-1.3470865480776464	0.0	0.0	18.033123722633338	21.349728481483282	-1.6454398283133456	0.0	0.0	
18.033123722633338	21.349728481483282	-1.6454398283133456	0.0	0.0	17.763724318882094	20.393610530484345	-2.045439828313345	0.0	0.0	
17.763724318882094	20.393610530484345	-2.045439828313345	0.0	0.0	17.143261168749635	19.617876649381007	-2.445439828313346	0.0	0.0	
17.143261168749635	19.617876649381007	-2.445439828313346	0.0	0.0	16.269691760894556	19.14499816115844	-2.8454398283133453	0.0	0.0	
16.269691760894556	19.14499816115844	-2.8454398283133453	0.0	0.0	16.17672130911463	19.118583743991657	-2.8841022442070785	0.0	0.0	
16.17672130911463	19.118583743991657	-2.8841022442070785	0.0	0.0	15.222960664186246	18.818181703327582	-2.8332282110648452	0.0	0.0	
15.222960664186246	18.818181703327582	-2.8332282110648452	0.0	0.0	14.27012942735866	18.51468107050186	-2.8332282110648452	0.0	0.0	
14.27012942735866	18.51468107050186	-2.8332282110648452	0.0	0.0	13.317298190531073	18.21118043767614	-2.8332282110648452	0.0	0.0	
13.317298190531073	18.21118043767614	-2.8332282110648452	0.0	0.0	12.364466953703486	17.907679804850424	-2.8332282110648452	0.0	0.0	
12.364466953703486	17.907679804850424	-2.8332282110648452	0.0	0.0	11.4116357168759	17.604179172024704	-2.8332282110648452	0.0	0.0	
11.4116357168759	17.604179172024704	-2.8332282110648452	0.0	0.0	10.458804480048315	17.300678539198984	-2.8332282110648452	0.0	0.0	
10.458804480048315	17.300678539198984	-2.8332282110648452	0.0	0.0	9.477092809473735	17.14548021100681	3.1017063207480664	0.0	0.0	
9.477092809473735	17.14548021100681	3.1017063207480664	0.0	0.0	8.774601058165613	17.275685792242193	2.814942142538669	0.0	0.0	
8.774601058165613	17.275685792242193	2.814942142538669	0.0	0.0	7.826154189711457	17.59260976948281	2.8398044385503045	0.0	0.0	
7.826154189711457	17.59260976948281	2.8398044385503045	0.0	0.0	7.256550052512811	17.699568142743864	3.072150430617075	0.0	0.0	
34.90718760602183	34.938519136674316	3.0690843484245534	0.0	0.0	33.91333201851771	34.85341937556215	-2.997670821684408	0.0	0.0	
33.91333201851771	34.85341937556215	-2.997670821684408	0.0	0.0	32.923670900671624	34.709993883324415	-2.997670821684408	0.0	0.0	
32.923670900671624	34.709993883324415	-2.997670821684408	0.0	0.0	31.934009782825534	34.56656839108669	-2.997670821684408	0.0	0.0	
31.934009782825534	34.56656839108669	-2.997670821684408	0.0	0.0	30.94434866497945	34.42314289884896	-2.997670821684408	0.0	0.0	
30.94434866497945	34.42314289884896	-2.997670821684408	0.0	0.0	29.954687547133364	34.27971740661123	-2.997670821684408	0.0	0.0	
29.954687547133364	34.27971740661123	-2.997670821684408	0.0	0.0	28.965026429287278	34.13629191437351	-2.997670821684408	0.0	0.0	
28.965026429287278	34.13629191437351	-2.997670821684408	0.0	0.0	27.97536531144119	33.992866422135776	-2.997670821684408	0.0	0.0	
27.97536531144119	33.992866422135776	-2.997670821684408	0.0	0.0	26.985704193595105	33.84944092989805	-2.997670821684408	0.0	0.0	
26.985704193595105	33.84944092989805	-2.997670821684408	0.0	0.0	25.996043075749018	33.70601543766032	-2.997670821684408	0.0	0.0	
25.996043075749018	33.70601543766032	-2.997670821684408	0.0	0.0	25.00638195790293	33.562589945422594	-2.997670821684408	0.0	0.0	
25.00638195790293	33.562589945422594	-2.997670821684408	0.0	0.0	24.01672084005684	33.41916445318486	-2.997670821684408	0.0	0.0	
24.01672084005684	33.41916445318486	-2.997670821684408	0.0	0.0	23.02705972221076	33.27573896094714	-2.997670821684408	0.0	0.0	
23.02705972221076	33.27573896094714	-2.997670821684408	0.0	0.0	22.037398604364668	33.13231346870941	-2.997670821684408	0.0	0.0	
22.037398604364668	33.13231346870941	-2.997670821684408	0.0	0.0	21.04685481559605	32.996326033575144	-3.0750865522346515	0.0	0.0	
21.04685481559605	32.996326033575144	-3.0750865522346515	0.0	0.0	20.716954227139027	32.996168337989815	3.0760425709798582	0.0	0.0	
20.716954227139027	32.996168337989815	3.0760425709798582	0.0	0.0	19.73758325213546	33.19166257336609	2.910229846048843	0.0	0.0	
19.73758325213546	33.19166257336609	2.910229846048843	0.0	0.0	18.764228450690243	33.42096680469107	2.910229846048843	0.0	0.0	
18.764228450690243	33.42096680469107	2.910229846048843	0.0	0.0	17.790873649245025	33.65027103601605	2.910229846048843	0.0	0.0	
17.790873649245025	33.65027103601605	2.910229846048843	0.0	0.0	16.817518847799807	33.879575267341025	2.910229846048843	0.0	0.0	
16.817518847799807	33.879575267341025	2.910229846048843	0.0	0.0	15.844164046354589	34.108879498666006	2.910229846048843	0.0	0.0	
15.844164046354589	34.108879498666006	2.910229846048843	0.0	0.0	14.87080924490937	34.33818372999099	2.910229846048843	0.0	0.0	
14.87080924490937	34.33818372999099	2.910229846048843	0.0	0.0	13.897454443464152	34.56748796131597	2.910229846048843	0.0	0.0	
13.897454443464152	34.56748796131597	2.910229846048843	0.0	0.0	12.924099642018934	34.79679219264094	2.910229846048843	0.0	0.0	
12.924099642018934	34.79679219264094	2.910229846048843	0.0	0.0	11.950744840573716	35.026096423965924	2.910229846048843	0.0	0.0	
11.950744840573716	35.026096423965924	2.910229846048843	0.0	0.0	10.977390039128498	35.255400655290906	2.910229846048843	0.0	0.0	
10.977390039128498	35.255400655290906	2.910229846048843	0.0	0.0	10.004035237683276	35.48470488661589	2.910229846048843	0.0	0.0	
10.004035237683276	35.48470488661589	2.910229846048843	0.0	0.0	9.03068043623806	35.71400911794087	2.910229846048843	0.0	0.0	
9.03068043623806	35.71400911794087	2.910229846048843	0.0	0.0	8.05850706824952	35.9102907167202	3.0700792309939793	0.0	0.0	
8.05850706824952	35.9102907167202	3.0700792309939793	0.0	0.0	7.073348621085458	35.783009889628175	-2.813106076185607	0.0	0.0	
7.073348621085458	35.783009889628175	-2.813106076185607	0.0	0.0	6.19209958313996	35.315820163294646	-2.594354832204467	0.0	0.0	
6.19209958313996	35.315820163294646	-2.594354832204467	0.0	0.0	5.338134559651991	34.795489750326894	-2.594354832204467	0.0	0.0	
5.338134559651991	34.795489750326894	-2.594354832204467	0.0	0.0	4.4841695361640195	34.27515933735914	-2.594354832204467	0.0	0.0	
4.4841695361640195	34.27515933735914	-2.594354832204467	0.0	0.0	3.654344134645857	33.72018168853621	-2.4104699263418596	0.0	0.0	
3.654344134645857	33.72018168853621	-2.4104699263418596	0.0	0.0	3.238410464882465	33.23823000190159	-2.1551309716130795	0.0	0.0	
33.001220299696584	0.5645109381589712	-3.092739432308771	0.0	0.0	32.00498098187189	0.6382641273580177	3.0390759194996724	0.0	0.0	
32.00498098187189	0.6382641273580177	3.0390759194996724	0.0	0.0	31.010231221643522	0.7406013860940839	3.0390759194996724	0.0	0.0	
31.010231221643522	0.7406013860940839	3.0390759194996724	0.0	0.0	30.01548146141516	0.84293864483015	3.0390759194996724	0.0	0.0	
30.01548146141516	0.84293864483015	3.0390759194996724	0.0	0.0	29.020731701186797	0.9452759035662162	3.0390759194996724	0.0	0.0	
29.020731701186797	0.9452759035662162	3.0390759194996724	0.0	0.0	28.02598194095843	1.0476131623022824	3.0390759194996724	0.0	0.0	
28.02598194095843	1.0476131623022824	3.0390759194996724	0.0	0.0	27.031114624054354	1.148674041207452	3.071098642584158	0.0	0.0	
27.031114624054354	1.148674041207452	3.071098642584158	0.0	0.0	26.435081269606716	1.1193602139556522	-2.9728147921988417	0.0	0.0	
26.435081269606716	1.1193602139556522	-2.9728147921988417	0.0	0.0	25.4391758159144	1.1294618847971778	3.04041020065951	0.0	0.0	
25.4391758159144	1.1294618847971778	3.04041020065951	0.0	0.0	24.44429039452973	1.2304717769674292	3.04041020065951	0.0	0.0	
24.44429039452973	1.2304717769674292	3.04041020065951	0.0	0.0	23.449404973145057	1.3314816691376805	3.04041020065951	0.0	0.0	
23.449404973145057	1.3314816691376805	3.04041020065951	0.0	0.0	22.454519551760388	1.432491561307932	3.04041020065951	0.0	0.0	
22.454519551760388	1.432491561307932	3.04041020065951	0.0	0.0	21.45963413037572	1.5335014534781835	3.04041020065951	0.0	0.0	
21.45963413037572	1.5335014534781835	3.04041020065951	0.0	0.0	20.8524303973529	1.6156019851596533	2.9127396914553856	0.0	0.0	
20.8524303973529	1.6156019851596533	2.9127396914553856	0.0	0.0	19.949037920234456	2.028663248472659	2.5127396914553857	0.0	0.0	
19.949037920234456	2.028663248472659	2.5127396914553857	0.0	0.0	19.27781197971628	2.7609154671373934	2.1127396914553858	0.0	0.0	
19.27781197971628	2.7609154671373934	2.1127396914553858	0.0	0.0	18.944696538514513	3.6967480461171007	1.7174852355639916	0.0	0.0	
18.944696538514513	3.6967480461171007	1.7174852355639916	0.0	0.0	18.798533130472954	4.686008506334568	1.7174852355639916	0.0	0.0	
18.798533130472954	4.686008506334568	1.7174852355639916	0.0	0.0	18.652369722431395	5.675268966552037	1.7174852355639916	0.0	0.0	
18.652369722431395	5.675268966552037	1.7174852355639916	0.0	0.0	18.506206314389836	6.664529426769505	1.7174852355639916	0.0	0.0	
18.506206314389836	6.664529426769505	1.7174852355639916	0.0	0.0	18.360042906348276	7.653789886986973	1.7174852355639916	0.0	0.0	
18.360042906348276	7.653789886986973	1.7174852355639916	0.0	0.0	18.213879498306717	8.64305034720444	1.7174852355639916	0.0	0.0	
18.213879498306717	8.64305034720444	1.7174852355639916	0.0	0.0	18.067716090265154	9.63231080742191	1.7174852355639916	0.0	0.0	
18.067716090265154	9.63231080742191	1.7174852355639916	0.0	0.0	17.9215526822236	10.621571267639377	1.7174852355639916	0.0	0.0	
17.9215526822236	10.621571267639377	1.7174852355639916	0.0	0.0	17.775389274182036	11.610831727856846	1.7174852355639916	0.0	0.0	
17.775389274182036	11.610831727856846	1.7174852355639916	0.0	0.0	17.629225866140477	12.600092188074312	1.7174852355639916	0.0	0.0	
17.629225866140477	12.600092188074312	1.7174852355639916	0.0	0.0	17.483062458098917	13.589352648291781	1.7174852355639916	0.0	0.0	
17.483062458098917	13.589352648291781	1.7174852355639916	0.0	0.0	17.336899050057358	14.578613108509249	1.7174852355639916	0.0	0.0	
17.336899050057358	14.578613108509249	1.7174852355639916	0.0	0.0	17.1907356420158	15.567873568726718	1.7174852355639916	0.0	0.0	
17.1907356420158	15.567873568726718	1.7174852355639916	0.0	0.0	17.04457223397424	16.557134028944184	1.7174852355639916	0.0	0.0	
17.04457223397424	16.557134028944184	1.7174852355639916	0.0	0.0	16.89840882593268	17.546394489161656	1.7174852355639916	0.0	0.0	
16.89840882593268	17.546394489161656	1.7174852355639916	0.0	0.0	16.592368063661738	18.491707695092398	2.082365567781978	0.0	0.0	
16.592368063661738	18.491707695092398	2.082365567781978	0.0	0.0	16.567977303591505	18.53417264494965	2.101954372056843	0.0	0.0	
16.567977303591505	18.53417264494965	2.101954372056843	0.0	0.0	16.245002190956278	19.473547251580143	1.7019543720568433	0.0	0.0	
16.245002190956278	19.473547251580143	1.7019543720568433	0.0	0.0	16.313299131287657	20.46454995722545	1.307183509924477	0.0	0.0	
16.313299131287657	20.46454995722545	1.307183509924477	0.0	0.0	16.573869387837878	21.430004845556002	1.307183509924477	0.0	0.0	
16.573869387837878	21.430004845556002	1.307183509924477	0.0	0.0	16.834439644388098	22.39545973388655	1.307183509924477	0.0	0.0	
16.834439644388098	22.39545973388655	1.307183509924477	0.0	0.0	17.09500990093832	23.3609146222171	1.307183509924477	0.0	0.0	
17.09500990093832	23.3609146222171	1.307183509924477	0.0	0.0	17.35558015748854	24.326369510547647	1.307183509924477	0.0	0.0	
17.35558015748854	24.326369510547647	1.307183509924477	0.0	0.0	17.616150414038756	25.291824398878198	1.307183509924477	0.0	0.0	
17.616150414038756	25.291824398878198	1.307183509924477	0.0	0.0	17.876720670588977	26.257279287208746	1.307183509924477	0.0	0.0	
17.876720670588977	26.257279287208746	1.307183509924477	0.0	0.0	18.137290927139198	27.222734175539294	1.307183509924477	0.0	0.0	
18.137290927139198	27.222734175539294	1.307183509924477	0.0	0.0	18.397861183689418	28.188189063869842	1.307183509924477	0.0	0.0	
18.397861183689418	28.188189063869842	1.307183509924477	0.0	0.0	18.65843144023964	29.15364395220039	1.307183509924477	0.0	0.0	
18.65843144023964	29.15364395220039	1.307183509924477	0.0	0.0	18.99739411206097	30.090501516282735	1.04857050894972	0.0	0.0	
18.99739411206097	30.090501516282735	1.04857050894972	0.0	0.0	19.04479350721893	30.16946005580293	1.0117311542012146	0.0	0.0	
19.04479350721893	30.16946005580293	1.0117311542012146	0.0	0.0	19.408795337961323	31.095911672913896	1.3008773708081494	0.0	0.0	
19.408795337961323	31.095911672913896	1.3008773708081494	0.0	0.0	19.675448665912977	32.05970418310076	1.3008773708081494	0.0	0.0	
19.675448665912977	32.05970418310076	1.3008773708081494	0.0	0.0	19.942101993864632	33.02349669328763	1.3008773708081494	0.0	0.0	
19.942101993864632	33.02349669328763	1.3008773708081494	0.0	0.0	20.208755321816287	33.9872892034745	1.3008773708081494	0.0	0.0	
20.208755321816287	33.9872892034745	1.3008773708081494	0.0	0.0	20.503612360969424	34.75872119072057	1.0496561334906858	0.0	0.0	
20.503612360969424	34.75872119072057	1.0496561334906858	0.0	0.0	21.159460993193225	35.504777587096946	0.6496561334906858	0.0	0.0	
21.159460993193225	35.504777587096946	0.6496561334906858	0.0	0.0	22.054065631450367	35.9365415459596	0.24965613349068594	0.0	0.0	
22.054065631450367	35.9365415459596	0.24965613349068594	0.0	0.0	23.04618787393199	35.98584703183252	-0.15034386650931353	0.0	0.0	
23.04618787393199	35.98584703183252	-0.15034386650931353	0.0	0.0	24.036485947402994	35.8537625098614	-0.013575358221523892	0.0	0.0	
24.036485947402994	35.8537625098614	-0.013575358221523892	0.0	0.0	24.65726465578987	35.92338457803292	0.23694752845565503	0.0	0.0	
24.65726465578987	35.92338457803292	0.23694752845565503	0.0	0.0	25.651727228871398	35.99040797658558	-0.007094571820632112	0.0	0.0	
25.651727228871398	35.99040797658558	-0.007094571820632112	0.0	0.0	26.651702062502295	35.983313464279924	-0.007094571820632112	0.0	0.0	
26.651702062502295	35.983313464279924	-0.007094571820632112	0.0	0.0	27.651676870134246	35.97621555099815	-0.008744074955360226	0.0	0.0	
27.651676870134246	35.97621555099815	-0.008744074955360226	0.0	0.0	28.53586076878798	35.806350741408096	-0.3708604542114742	0.0	0.0	
28.53586076878798	35.806350741408096	-0.3708604542114742	0.0	0.0	29.469413355398984	35.44791036572874	-0.3665737658788162	0.0	0.0	
29.469413355398984	35.44791036572874	-0.3665737658788162	0.0	0.0	30.238966245095565	35.12649761285517	-0.5059302563507693	0.0	0.0	
30.238966245095565	35.12649761285517	-0.5059302563507693	0.0	0.0	31.086264980605083	34.62269311027396	-0.5194057214211103	0.0	0.0	
3.83142849891144	0.43163268263484666	0.0265445067856227	0.0	0.0	4.823670982933805	0.552398543792306	0.13611298610066047	0.0	0.0	
4.823670982933805	0.552398543792306	0.13611298610066047	0.0	0.0	5.814421903290312	0.688091630619657	0.13611298610066047	0.0	0.0	
5.814421903290312	0.688091630619657	0.13611298610066047	0.0	0.0	6.805172823646819	0.8237847174470077	0.13611298610066047	0.0	0.0	
6.805172823646819	0.8237847174470077	0.13611298610066047	0.0	0.0	7.795923744003325	0.9594778042743586	0.13611298610066047	0.0	0.0	
7.795923744003325	0.9594778042743586	0.13611298610066047	0.0	0.0	8.786674664359833	1.0951708911017093	0.13611298610066047	0.0	0.0	
8.786674664359833	1.0951708911017093	0.13611298610066047	0.0	0.0	9.777425584716338	1.2308639779290602	0.13611298610066047	0.0	0.0	
9.777425584716338	1.2308639779290602	0.13611298610066047	0.0	0.0	10.768176505072844	1.3665570647564111	0.13611298610066047	0.0	0.0	
10.768176505072844	1.3665570647564111	0.13611298610066047	0.0	0.0	11.758927425429352	1.5022501515837619	0.13611298610066047	0.0	0.0	
11.758927425429352	1.5022501515837619	0.13611298610066047	0.0	0.0	12.74967834578586	1.6379432384111128	0.13611298610066047	0.0	0.0	
12.74967834578586	1.6379432384111128	0.13611298610066047	0.0	0.0	13.740429266142364	1.7736363252384635	0.13611298610066047	0.0	0.0	
13.740429266142364	1.7736363252384635	0.13611298610066047	0.0	0.0	14.728791378426045	1.9231296522522277	0.24198016905608277	0.0	0.0	
14.728791378426045	1.9231296522522277	0.24198016905608277	0.0	0.0	15.62668383381435	2.348014005365755	0.6419801690560822	0.0	0.0	
15.62668383381435	2.348014005365755	0.6419801690560822	0.0	0.0	16.288239790819638	3.0890142015295305	1.0419801690560826	0.0	0.0	
16.288239790819638	3.0890142015295305	1.0419801690560826	0.0	0.0	16.609014110126978	4.029142602885882	1.441980169056082	0.0	0.0	
16.609014110126978	4.029142602885882	1.441980169056082	0.0	0.0	16.538363579905322	5.019973606409358	1.8419801690560824	0.0	0.0	
16.538363579905322	5.019973606409358	1.8419801690560824	0.0	0.0	16.488432140311872	5.178853400406496	1.908608932538968	0.0	0.0	
16.488432140311872	5.178853400406496	1.908608932538968	0.0	0.0	16.351969365876	6.162781998505565	1.508608932538968	0.0	0.0	
16.351969365876	6.162781998505565	1.508608932538968	0.0	0.0	16.44098935810631	7.158803204605082	1.4806827886525613	0.0	0.0	
16.44098935810631	7.158803204605082	1.4806827886525613	0.0	0.0	16.53098098534793	8.154745726554218	1.4806827886525613	0.0	0.0	
16.53098098534793	8.154745726554218	1.4806827886525613	0.0	0.0	16.62097261258955	9.150688248503354	1.4806827886525613	0.0	0.0	
16.62097261258955	9.150688248503354	1.4806827886525613	0.0	0.0	16.71096423983117	10.14663077045249	1.4806827886525613	0.0	0.0	
16.71096423983117	10.14663077045249	1.4806827886525613	0.0	0.0	16.800955867072794	11.142573292401625	1.4806827886525613	0.0	0.0	
16.800955867072794	11.142573292401625	1.4806827886525613	0.0	0.0	16.89094749431441	12.138515814350761	1.4806827886525613	0.0	0.0	
16.89094749431441	12.138515814350761	1.4806827886525613	0.0	0.0	16.980939121556034	13.134458336299899	1.4806827886525613	0.0	0.0	
16.980939121556034	13.134458336299899	1.4806827886525613	0.0	0.0	17.070930748797654	14.130400858249034	1.4806827886525613	0.0	0.0	
17.070930748797654	14.130400858249034	1.4806827886525613	0.0	0.0	17.160922376039274	15.12634338019817	1.4806827886525613	0.0	0.0	
17.160922376039274	15.12634338019817	1.4806827886525613	0.0	0.0	17.250914003280894	16.122285902147308	1.4806827886525613	0.0	0.0	
17.250914003280894	16.122285902147308	1.4806827886525613	0.0	0.0	17.340905630522514	17.118228424096444	1.4806827886525613	0.0	0.0	
17.340905630522514	17.118228424096444	1.4806827886525613	0.0	0.0	17.430897257764133	18.114170946045576	1.4806827886525613	0.0	0.0	
17.430897257764133	18.114170946045576	1.4806827886525613	0.0	0.0	17.520888885005753	19.110113467994715	1.4806827886525613	0.0	0.0	
17.520888885005753	19.110113467994715	1.4806827886525613	0.0	0.0	17.61088051224737	20.106055989943847	1.4806827886525613	0.0	0.0	
17.61088051224737	20.106055989943847	1.4806827886525613	0.0	0.0	17.700872139488993	21.101998511892987	1.4806827886525613	0.0	0.0	
17.700872139488993	21.101998511892987	1.4806827886525613	0.0	0.0	17.790863766730613	22.097941033842122	1.4806827886525613	0.0	0.0	
17.790863766730613	22.097941033842122	1.4806827886525613	0.0	0.0	17.880855393972233	23.09388355579126	1.4806827886525613	0.0	0.0	
17.880855393972233	23.09388355579126	1.4806827886525613	0.0	0.0	17.97084702121385	24.089826077740394	1.4806827886525613	0.0	0.0	
17.97084702121385	24.089826077740394	1.4806827886525613	0.0	0.0	18.060838648455473	25.08576859968953	1.4806827886525613	0.0	0.0	
18.060838648455473	25.08576859968953	1.4806827886525613	0.0	0.0	18.15083027569709	26.081711121638666	1.4806827886525613	0.0	0.0	
18.15083027569709	26.081711121638666	1.4806827886525613	0.0	0.0	18.240821902938713	27.077653643587805	1.4806827886525613	0.0	0.0	
18.240821902938713	27.077653643587805	1.4806827886525613	0.0	0.0	18.330813530180333	28.07359616553694	1.4806827886525613	0.0	0.0	
18.330813530180333	28.07359616553694	1.4806827886525613	0.0	0.0	18.420805157421952	29.069538687486077	1.4806827886525613	0.0	0.0	
18.420805157421952	29.069538687486077	1.4806827886525613	0.0	0.0	18.510796784663572	30.065481209435212	1.4806827886525613	0.0	0.0	
18.510796784663572	30.065481209435212	1.4806827886525613	0.0	0.0	18.566088376431793	31.062622866649768	1.647410282105365	0.0	0.0	
18.566088376431793	31.062622866649768	1.647410282105365	0.0	0.0	18.294805510654303	32.01820812276222	2.0474102821053655	0.0	0.0	
18.294805510654303	32.01820812276222	2.0474102821053655	0.0	0.0	17.672815018275447	32.79271790472384	2.447410282105364	0.0	0.0	
17.672815018275447	32.79271790472384	2.447410282105364	0.0	0.0	16.7983155217113	33.26387414788845	2.8474102821053644	0.0	0.0	
16.7983155217113	33.26387414788845	2.8474102821053644	0.0	0.0	15.809371262969368	33.357291641246555	-3.0357750250742215	0.0	0.0	
15.809371262969368	33.357291641246555	-3.0357750250742215	0.0	0.0	15.372934168846076	33.271132986831844	-2.8575953124892064	0.0	0.0	
15.372934168846076	33.271132986831844	-2.8575953124892064	0.0	0.0	14.383089760091503	33.187792591936905	3.02558999469038	0.0	0.0	
14.383089760091503	33.187792591936905	3.02558999469038	0.0	0.0	13.405430480148699	33.39596312027634	2.91709087866207	0.0	0.0	
13.405430480148699	33.39596312027634	2.91709087866207	0.0	0.0	12.430525336886657	33.618583787873085	2.91709087866207	0.0	0.0	
12.430525336886657	33.618583787873085	2.91709087866207	0.0	0.0	11.455620193624615	33.84120445546982	2.91709087866207	0.0	0.0	
11.455620193624615	33.84120445546982	2.91709087866207	0.0	0.0	10.480715050362575	34.063825123066565	2.91709087866207	0.0	0.0	
10.480715050362575	34.063825123066565	2.91709087866207	0.0	0.0	9.505809907100534	34.28644579066331	2.91709087866207	0.0	0.0	
9.505809907100534	34.28644579066331	2.91709087866207	0.0	0.0	8.530904763838492	34.50906645826005	2.91709087866207	0.0	0.0	
8.530904763838492	34.50906645826005	2.91709087866207	0.0	0.0	7.555999620576451	34.73168712585679	2.91709087866207	0.0	0.0	
7.555999620576451	34.73168712585679	2.91709087866207	0.0	0.0	6.58109447731441	34.95430779345353	2.91709087866207	0.0	0.0	
6.58109447731441	34.95430779345353	2.91709087866207	0.0	0.0	5.601966597189046	35.15352564482749	3.055056995980036	0.0	0.0	
5.601966597189046	35.15352564482749	3.055056995980036	0.0	0.0	4.6150073364947595	35.04105790414722	-2.8281283111995497	0.0	0.0	
4.6150073364947595	35.04105790414722	-2.8281283111995497	0.0	0.0	3.7497546599382385	34.55312821589725	-2.42812831119955	0.0	0.0	
3.7497546599382385	34.55312821589725	-2.42812831119955	0.0	0.0	3.732722798427819	34.5382506598617	-2.419082388647951	0.0	0.0	
3.732722798427819	34.5382506598617	-2.419082388647951	0.0	0.0	3.0048789070956206	33.852531318867754	-2.3844902902755094	0.0	0.0	
3.0048789070956206	33.852531318867754	-2.3844902902755094	0.0	0.0	2.6248209254285473	33.45008866422133	-2.2256379214497795	0.0	0.0	
2.6248209254285473	33.45008866422133	-2.2256379214497795	0.0	0.0	2.0236608914239866	32.75141779296282	-2.190588659113807	0.0	0.0	
4.283214165797187	1.914689449643591	0.16297830434328553	0.0	0.0	5.2798293004747805	1.9931467783663848	0.06706850369781682	0.0	0.0	
5.2798293004747805	1.9931467783663848	0.06706850369781682	0.0	0.0	6.277581051323456	2.060165012291191	0.06706850369781682	0.0	0.0	
6.277581051323456	2.060165012291191	0.06706850369781682	0.0	0.0	7.275332802172134	2.127183246215998	0.06706850369781682	0.0	0.0	
7.275332802172134	2.127183246215998	0.06706850369781682	0.0	0.0	8.27308455302081	2.194201480140804	0.06706850369781682	0.0	0.0	
8.27308455302081	2.194201480140804	0.06706850369781682	0.0	0.0	9.270836303869487	2.2612197140656107	0.06706850369781682	0.0	0.0	
9.270836303869487	2.2612197140656107	0.06706850369781682	0.0	0.0	10.268588054718162	2.328237947990417	0.06706850369781682	0.0	0.0	
10.268588054718162	2.328237947990417	0.06706850369781682	0.0	0.0	11.26633980556684	2.3952561819152236	0.06706850369781682	0.0	0.0	
11.26633980556684	2.3952561819152236	0.06706850369781682	0.0	0.0	12.264091556415517	2.46227441584003	0.06706850369781682	0.0	0.0	
12.264091556415517	2.46227441584003	0.06706850369781682	0.0	0.0	13.261843307264193	2.5292926497648365	0.06706850369781682	0.0	0.0	
13.261843307264193	2.5292926497648365	0.06706850369781682	0.0	0.0	14.25959505811287	2.596310883689643	0.06706850369781682	0.0	0.0	
14.25959505811287	2.596310883689643	0.06706850369781682	0.0	0.0	15.257346808961547	2.6633291176144493	0.06706850369781682	0.0	0.0	
15.257346808961547	2.6633291176144493	0.06706850369781682	0.0	0.0	16.25509855981022	2.730347351539256	0.06706850369781682	0.0	0.0	
16.25509855981022	2.730347351539256	0.06706850369781682	0.0	0.0	16.753049172065595	2.7581610313581266	0.0	0.0	0.0	
16.753049172065595	2.7581610313581266	0.0	0.0	0.0	17.72659502783722	2.955508546350914	0.3999999999999999	0.0	0.0	
17.72659502783722	2.955508546350914	0.3999999999999999	0.0	0.0	18.5464393993144	3.516394257990213	0.7999999999999998	0.0	0.0	
18.5464393993144	3.516394257990213	0.7999999999999998	0.0	0.0	19.08314688698366	4.352266645166442	1.1999999999999997	0.0	0.0	
19.08314688698366	4.352266645166442	1.1999999999999997	0.0	0.0	19.25198317966936	5.331159837111349	1.5999999999999996	0.0	0.0	
19.25198317966936	5.331159837111349	1.5999999999999996	0.0	0.0	19.17396083983447	6.328057456809327	1.6523239060659485	0.0	0.0	
19.17396083983447	6.328057456809327	1.6523239060659485	0.0	0.0	19.09252354607399	7.3247359241120815	1.6523239060659485	0.0	0.0	
19.09252354607399	7.3247359241120815	1.6523239060659485	0.0	0.0	19.01108625231351	8.321414391414837	1.6523239060659485	0.0	0.0	
19.01108625231351	8.321414391414837	1.6523239060659485	0.0	0.0	18.92964895855303	9.318092858717591	1.6523239060659485	0.0	0.0	
18.92964895855303	9.318092858717591	1.6523239060659485	0.0	0.0	18.84821166479255	10.314771326020347	1.6523239060659485	0.0	0.0	
18.84821166479255	10.314771326020347	1.6523239060659485	0.0	0.0	18.766774371032067	11.311449793323101	1.6523239060659485	0.0	0.0	
18.766774371032067	11.311449793323101	1.6523239060659485	0.0	0.0	18.685337077271587	12.308128260625857	1.6523239060659485	0.0	0.0	
18.685337077271587	12.308128260625857	1.6523239060659485	0.0	0.0	18.603899783511107	13.304806727928613	1.6523239060659485	0.0	0.0	
18.603899783511107	13.304806727928613	1.6523239060659485	0.0	0.0	18.561652969673073	14.3023663156173	1.4751582667464205	0.0	0.0	
18.561652969673073	14.3023663156173	1.4751582667464205	0.0	0.0	18.851064803512248	15.25261805352562	1.075158266746421	0.0	0.0	
18.851064803512248	15.25261805352562	1.075158266746421	0.0	0.0	19.48767621141653	16.015155587218267	0.6751582667464207	0.0	0.0	
19.48767621141653	16.015155587218267	0.6751582667464207	0.0	0.0	20.370980249893144	16.469591006804862	0.2751582667464212	0.0	0.0	
20.370980249893144	16.469591006804862	0.2751582667464212	0.0	0.0	21.05022838354133	16.563635484993323	0.0	0.0	0.0	
21.05022838354133	16.563635484993323	0.0	0.0	0.0	22.037121526798423	16.711879072981738	0.1981222953784263	0.0	0.0	
22.037121526798423	16.711879072981738	0.1981222953784263	0.0	0.0	23.017559418994615	16.908707779083993	0.1981222953784263	0.0	0.0	
23.017559418994615	16.908707779083993	0.1981222953784263	0.0	0.0	23.997997311190808	17.10553648518625	0.1981222953784263	0.0	0.0	
23.997997311190808	17.10553648518625	0.1981222953784263	0.0	0.0	24.978435203387	17.30236519128851	0.1981222953784263	0.0	0.0	
24.978435203387	17.30236519128851	0.1981222953784263	0.0	0.0	25.958873095583193	17.499193897390764	0.1981222953784263	0.0	0.0	
25.958873095583193	17.499193897390764	0.1981222953784263	0.0	0.0	26.93931899031113	17.695982343138304	0.192391814238698	0.0	0.0	
26.93931899031113	17.695982343138304	0.192391814238698	0.0	0.0	27.417336800910263	17.742108065032347	0.0	0.0	0.0	
27.417336800910263	17.742108065032347	0.0	0.0	0.0	28.417139812359416	17.722427165871295	-0.020191858183249423	0.0	0.0	
28.417139812359416	17.722427165871295	-0.020191858183249423	0.0	0.0	29.41693596371706	17.70223667973432	-0.020191858183249423	0.0	0.0	
29.41693596371706	17.70223667973432	-0.020191858183249423	0.0	0.0	30.4167321150747	17.682046193597344	-0.020191858183249423	0.0	0.0	
30.4167321150747	17.682046193597344	-0.020191858183249423	0.0	0.0	30.82495967750184	17.6743119256433	0.0	0.0	0.0	
30.82495967750184	17.6743119256433	0.0	0.0	0.0	31.822162025897743	17.602064036990495	-0.08040204311114252	0.0	0.0	
31.822162025897743	17.602064036990495	-0.08040204311114252	0.0	0.0	32.75796139512925	17.53476373912772	0.0	0.0	0.0	
4.90843547503238	0.17489404883173343	-0.27714814546739497	0.0	0.0	5.8988274765500535	0.09833519373478165	0.12285185453260539	0.0	0.0	
5.8988274765500535	0.09833519373478165	0.12285185453260539	0.0	0.0	6.840881115555721	0.41344617524832994	0.5160351923179771	0.0	0.0	
6.840881115555721	0.41344617524832994	0.5160351923179771	0.0	0.0	7.723269187406572	0.8818235226649935	0.36618802489299807	0.0	0.0	
7.723269187406572	0.8818235226649935	0.36618802489299807	0.0	0.0	8.702930031118326	1.0461470032206028	-0.0338119751070014	0.0	0.0	
8.702930031118326	1.0461470032206028	-0.0338119751070014	0.0	0.0	8.951625016024499	1.0252708022546768	-0.13368133437990615	0.0	0.0	
8.951625016024499	1.0252708022546768	-0.13368133437990615	0.0	0.0	9.950561606051455	1.0124554247564417	0.014657059186610866	0.0	0.0	
9.950561606051455	1.0124554247564417	0.014657059186610866	0.0	0.0	10.950454193282427	1.02711195915419	0.014657059186610866	0.0	0.0	
10.950454193282427	1.02711195915419	0.014657059186610866	0.0	0.0	11.9503467805134	1.0417684935519382	0.014657059186610866	0.0	0.0	
11.9503467805134	1.0417684935519382	0.014657059186610866	0.0	0.0	12.950239367744372	1.0564250279496863	0.014657059186610866	0.0	0.0	
12.950239367744372	1.0564250279496863	0.014657059186610866	0.0	0.0	13.950137092380304	1.0698250935885643	-0.017048011024038523	0.0	0.0	
13.950137092380304	1.0698250935885643	-0.017048011024038523	0.0	0.0	14.886609276014656	0.8704888986240849	-0.4024090136434486	0.0	0.0	
14.886609276014656	0.8704888986240849	-0.4024090136434486	0.0	0.0	15.84229205968707	0.5782223817802009	-0.2772039910902082	0.0	0.0	
15.84229205968707	0.5782223817802009	-0.2772039910902082	0.0	0.0	16.804116433244044	0.3045549295105927	-0.2772039910902082	0.0	0.0	
16.804116433244044	0.3045549295105927	-0.2772039910902082	0.0	0.0	17.6220696382813	0.07227873969348275	-0.25847899728679913	0.0	0.0	
17.6220696382813	0.07227873969348275	-0.25847899728679913	0.0	0.0	18.6142068302332	0.009340349759478686	0.07886958103406094	0.0	0.0	
18.6142068302332	0.009340349759478686	0.07886958103406094	0.0	0.0	19.611098236722313	0.08812818935517458	0.07886958103406094	0.0	0.0	
19.611098236722313	0.08812818935517458	0.07886958103406094	0.0	0.0	20.607989643211425	0.1669160289508705	0.07886958103406094	0.0	0.0	
20.607989643211425	0.1669160289508705	0.07886958103406094	0.0	0.0	21.60488104970054	0.24570386854656637	0.07886958103406094	0.0	0.0	
21.60488104970054	0.24570386854656637	0.07886958103406094	0.0	0.0	22.601772456189654	0.32449170814226225	0.07886958103406094	0.0	0.0	
22.601772456189654	0.32449170814226225	0.07886958103406094	0.0	0.0	23.59799368900766	0.4097664008953318	0.15110433864379402	0.0	0.0	
23.59799368900766	0.4097664008953318	0.15110433864379402	0.0	0.0	23.801794551811838	0.44952055843144834	0.23418501570671246	0.0	0.0	
23.801794551811838	0.44952055843144834	0.23418501570671246	0.0	0.0	24.79400315677659	0.5669764777125881	0.09289295915336412	0.0	0.0	
24.79400315677659	0.5669764777125881	0.09289295915336412	0.0	0.0	25.78969170751247	0.6597358973608357	0.09289295915336412	0.0	0.0	
25.78969170751247	0.6597358973608357	0.09289295915336412	0.0	0.0	26.785380258248352	0.7524953170090832	0.09289295915336412	0.0	0.0	
26.785380258248352	0.7524953170090832	0.09289295915336412	0.0	0.0	27.781068808984234	0.8452547366573309	0.09289295915336412	0.0	0.0	
27.781068808984234	0.8452547366573309	0.09289295915336412	0.0	0.0	28.776757359720115	0.9380141563055784	0.09289295915336412	0.0	0.0	
28.776757359720115	0.9380141563055784	0.09289295915336412	0.0	0.0	29.772445910456	1.030773575953826	0.09289295915336412	0.0	0.0	
29.772445910456	1.030773575953826	0.09289295915336412	0.0	0.0	30.74727587282458	1.2310379355990624	0.38924049070367406	0.0	0.0	
30.74727587282458	1.2310379355990624	0.38924049070367406	0.0	0.0	31.091041320834396	1.4040562492823612	0.5433331566031052	0.0	0.0	
31.091041320834396	1.4040562492823612	0.5433331566031052	0.0	0.0	32.026414144200146	1.7384441322457338	0.1433331566031053	0.0	0.0	
32.026414144200146	1.7384441322457338	0.1433331566031053	0.0	0.0	33.025187979628924	1.7642585749600321	-0.00983689444630187	0.0	0.0	
33.025187979628924	1.7642585749600321	-0.00983689444630187	0.0	0.0	33.99674547807867	1.557344094630597	-0.40983689444630134	0.0	0.0	
33.99674547807867	1.557344094630597	-0.40983689444630134	0.0	0.0	34.81103289940221	0.9884209272009362	-0.8098368944463017	0.0	0.0	
34.81103289940221	0.9884209272009362	-0.8098368944463017	0.0	0.0	35.33949216432907	0.1473095313223045	-1.2098368944463012	0.0	0.0	
35.33949216432907	0.1473095313223045	-1.2098368944463012	0.0	0.0	35.36987603332481	0.06219704486133004	-1.245988142064368	0.0	0.0	
6.157944250737314	16.330917329936298	-0.12306518555599322	0.0	0.0	7.153585585578538	16.377300713311275	0.12088791385261821	0.0	0.0	
7.153585585578538	16.377300713311275	0.12088791385261821	0.0	0.0	8.146287535958518	16.497894401835126	0.12088791385261821	0.0	0.0	
8.146287535958518	16.497894401835126	0.12088791385261821	0.0	0.0	9.138989486338495	16.618488090358976	0.12088791385261821	0.0	0.0	
9.138989486338495	16.618488090358976	0.12088791385261821	0.0	0.0	10.131691436718473	16.739081778882827	0.12088791385261821	0.0	0.0	
10.131691436718473	16.739081778882827	0.12088791385261821	0.0	0.0	11.12439338709845	16.859675467406678	0.12088791385261821	0.0	0.0	
11.12439338709845	16.859675467406678	0.12088791385261821	0.0	0.0	12.117095337478428	16.98026915593053	0.12088791385261821	0.0	0.0	
12.117095337478428	16.98026915593053	0.12088791385261821	0.0	0.0	13.109797287858406	17.100862844454376	0.12088791385261821	0.0	0.0	
13.109797287858406	17.100862844454376	0.12088791385261821	0.0	0.0	14.102499238238384	17.221456532978227	0.12088791385261821	0.0	0.0	
14.102499238238384	17.221456532978227	0.12088791385261821	0.0	0.0	15.05655788109844	17.499272427782387	0.4814291357771223	0.0	0.0	
15.05655788109844	17.499272427782387	0.4814291357771223	0.0	0.0	15.476788669366059	17.775932528559597	0.6830202995860661	0.0	0.0	
15.476788669366059	17.775932528559597	0.6830202995860661	0.0	0.0	16.17039826262923	18.494800250488705	0.7718915533300656	0.0	0.0	
16.17039826262923	18.494800250488705	0.7718915533300656	0.0	0.0	16.21463505106748	18.536818979710592	0.7474861381006903	0.0	0.0	
16.21463505106748	18.536818979710592	0.7474861381006903	0.0	0.0	16.794477383166154	19.343367456164614	1.1474861381006902	0.0	0.0	
16.794477383166154	19.343367456164614	1.1474861381006902	0.0	0.0	17.014462767241618	20.312049037365117	1.5474861381006901	0.0	0.0	
17.014462767241618	20.312049037365117	1.5474861381006901	0.0	0.0	16.885535080054098	21.301456495338144	1.7532573123701374	0.0	0.0	
16.885535080054098	21.301456495338144	1.7532573123701374	0.0	0.0	16.70408482607759	22.284856620074695	1.7532573123701374	0.0	0.0	
16.70408482607759	22.284856620074695	1.7532573123701374	0.0	0.0	16.522634572101083	23.268256744811243	1.7532573123701374	0.0	0.0	
16.522634572101083	23.268256744811243	1.7532573123701374	0.0	0.0	16.34979223451748	24.23431136153956	1.6880219509659637	0.0	0.0	
16.34979223451748	24.23431136153956	1.6880219509659637	0.0	0.0	16.36584787313903	25.232810143428427	1.5190619042222884	0.0	0.0	
16.36584787313903	25.232810143428427	1.5190619042222884	0.0	0.0	16.417559221363046	26.231472216636806	1.5190619042222884	0.0	0.0	
16.417559221363046	26.231472216636806	1.5190619042222884	0.0	0.0	16.46927056958706	27.230134289845182	1.5190619042222884	0.0	0.0	
16.46927056958706	27.230134289845182	1.5190619042222884	0.0	0.0	16.512475681030736	28.229002518241135	1.60157417687174	0.0	0.0	
16.512475681030736	28.229002518241135	1.60157417687174	0.0	0.0	16.463719919141774	28.649267020990266	1.7710100530545958	0.0	0.0	
16.463719919141774	28.649267020990266	1.7710100530545958	0.0	0.0	16.299972746368017	29.635748688758188	1.733532036493485	0.0	0.0	
16.299972746368017	29.635748688758188	1.733532036493485	0.0	0.0	16.13795437204566	30.622536430059192	1.733532036493485	0.0	0.0	
16.13795437204566	30.622536430059192	1.733532036493485	0.0	0.0	15.975935997723301	31.6093241713602	1.733532036493485	0.0	0.0	
15.975935997723301	31.6093241713602	1.733532036493485	0.0	0.0	15.813917623400942	32.5961119126612	1.733532036493485	0.0	0.0	
15.813917623400942	32.5961119126612	1.733532036493485	0.0	0.0	15.711585047556689	33.58826877216013	1.5144306343691953	0.0	0.0	
15.711585047556689	33.58826877216013	1.5144306343691953	0.0	0.0	15.963464683962185	34.54915077518036	1.1144306343691954	0.0	0.0	
15.963464683962185	34.54915077518036	1.1144306343691954	0.0	0.0	16.569646269009272	35.33609515753132	0.7144306343691955	0.0	0.0	
16.569646269009272	35.33609515753132	0.7144306343691955	0.0	0.0	17.434427059143204	35.82486070457742	0.3144306343691956	0.0	0.0	
17.434427059143204	35.82486070457742	0.3144306343691956	0.0	0.0	18.421277182406833	35.93828208341974	-0.0855693656308043	0.0	0.0	
18.421277182406833	35.93828208341974	-0.0855693656308043	0.0	0.0	19.37439470320304	35.65845255224902	-0.4855693656308038	0.0	0.0	
19.37439470320304	35.65845255224902	-0.4855693656308038	0.0	0.0	20.143303322151652	35.02955104114376	-0.8855693656308041	0.0	0.0	
20.143303322151652	35.02955104114376	-0.8855693656308041	0.0	0.0	20.60660927508783	34.150867270417436	-1.2855693656308045	0.0	0.0	
20.60660927508783	34.150867270417436	-1.2855693656308045	0.0	0.0	20.69116673921692	33.161126086963904	-1.6855693656308048	0.0	0.0	
20.69116673921692	33.161126086963904	-1.6855693656308048	0.0	0.0	20.57974054067155	32.65811351717503	-1.8920182848276585	0.0	0.0	
20.57974054067155	32.65811351717503	-1.8920182848276585	0.0	0.0	20.08511330392519	31.79667200921724	-2.2920182848276585	0.0	0.0	
20.08511330392519	31.79667200921724	-2.2920182848276585	0.0	0.0	19.2940703255619	31.195848756216765	-2.6920182848276584	0.0	0.0	
19.2940703255619	31.195848756216765	-2.6920182848276584	0.0	0.0	18.331499898407667	30.950500538917233	-3.0920182848276583	0.0	0.0	
18.331499898407667	30.950500538917233	-3.0920182848276583	0.0	0.0	17.349370727906045	31.09936244611222	2.791167022351928	0.0	0.0	
17.349370727906045	31.09936244611222	2.791167022351928	0.0	0.0	16.502739415017366	31.618932455832113	2.391167022351928	0.0	0.0	
16.502739415017366	31.618932455832113	2.391167022351928	0.0	0.0	15.925270428312562	32.427181887850516	1.9911670223519282	0.0	0.0	
15.925270428312562	32.427181887850516	1.9911670223519282	0.0	0.0	15.708133423400911	33.396505928644885	1.5911670223519283	0.0	0.0	
15.708133423400911	33.396505928644885	1.5911670223519283	0.0	0.0	15.885609558948243	34.373869625676406	1.1911670223519284	0.0	0.0	
15.885609558948243	34.373869625676406	1.1911670223519284	0.0	0.0	16.429679255497927	35.20496874146241	0.7911670223519285	0.0	0.0	
16.429679255497927	35.20496874146241	0.7911670223519285	0.0	0.0	17.254445870972397	35.75859099983243	0.3911670223519286	0.0	0.0	
17.254445870972397	35.75859099983243	0.3911670223519286	0.0	0.0	18.229696891761336	35.947331619239264	-0.008832977648071783	0.0	0.0	
18.229696891761336	35.947331619239264	-0.008832977648071783	0.0	0.0	19.20569989036752	35.753306965059195	-0.3082375529864896	0.0	0.0	
19.20569989036752	35.753306965059195	-0.3082375529864896	0.0	0.0	20.15856963057948	35.44992723899235	-0.3082375529864896	0.0	0.0	
20.15856963057948	35.44992723899235	-0.3082375529864896	0.0	0.0	21.111439370791434	35.1465475129255	-0.3082375529864896	0.0	0.0	
21.111439370791434	35.1465475129255	-0.3082375529864896	0.0	0.0	22.064309111003393	34.84316778685865	-0.3082375529864896	0.0	0.0	
22.064309111003393	34.84316778685865	-0.3082375529864896	0.0	0.0	23.01717885121535	34.53978806079181	-0.3082375529864896	0.0	0.0	
23.01717885121535	34.53978806079181	-0.3082375529864896	0.0	0.0	23.918270615442776	34.32755409878989	-0.06910303786445482	0.0	0.0	
23.918270615442776	34.32755409878989	-0.06910303786445482	0.0	0.0	24.913649202448767	34.40245786900602	0.11956997953854476	0.0	0.0	
24.913649202448767	34.40245786900602	0.11956997953854476	0.0	0.0	25.906509225205774	34.52174313721192	0.11956997953854476	0.0	0.0	
25.906509225205774	34.52174313721192	0.11956997953854476	0.0	0.0	26.89936924796278	34.64102840541783	0.11956997953854476	0.0	0.0	
26.89936924796278	34.64102840541783	0.11956997953854476	0.0	0.0	27.89222927071979	34.76031367362373	0.11956997953854476	0.0	0.0	
27.89222927071979	34.76031367362373	0.11956997953854476	0.0	0.0	28.885089293476796	34.879598941829634	0.11956997953854476	0.0	0.0	
28.885089293476796	34.879598941829634	0.11956997953854476	0.0	0.0	29.877949316233803	34.998884210035534	0.11956997953854476	0.0	0.0	
29.877949316233803	34.998884210035534	0.11956997953854476	0.0	0.0	30.87080933899081	35.11816947824144	0.11956997953854476	0.0	0.0	
30.87080933899081	35.11816947824144	0.11956997953854476	0.0	0.0	31.863669361747817	35.23745474644735	0.11956997953854476	0.0	0.0	
31.863669361747817	35.23745474644735	0.11956997953854476	0.0	0.0	32.856924376451204	35.35283860121499	0.06355784254525965	0.0	0.0	
32.856924376451204	35.35283860121499	0.06355784254525965	0.0	0.0	33.84103906569548	35.21772437776842	-0.3364421574547398	0.0	0.0	
33.84103906569548	35.21772437776842	-0.3364421574547398	0.0	0.0	34.00743646737887	35.15276823487446	-0.40790793047610485	0.0	0.0	
