460
4.5730605441769345	17.948802101168297	0.18181083999865733	0	0	14.377163122635986	16.450318101736254	-0.07959693416911806	0	0	
6.873230796349494	16.252490079174816	0.1324008481615646	0	0	14.239901761137268	16.765256595829662	-0.1196046975802787	0	0	
7.183427383228148	16.704155719846806	-0.07259820396875849	0	0	13.456707667597065	17.49475340572848	0.15253148750547085	0	0	
6.515544857071185	16.813542986945105	-0.10557372432397383	0	0	12.132547557025237	16.52616979681997	0.18330761701964082	0	0	
5.089980953099971	17.35330198290893	0.1997505646108797	0	0	14.494947949797211	17.333169685021204	0.09231026694818878	0	0	
10.269582541647328	33.43659688762497	2.8028031354025362	0	0	2.990739762331011	33.659294679910026	-2.8931746807277117	0	0	
10.184719273337338	34.473054666500744	-2.8648855015563637	0	0	2.5653982955883587	34.59711275831337	2.8390131716224563	0	0	
12.155212247375747	33.804779897883044	2.803238139186421	0	0	2.29703942872525	34.175366013728365	-3.1371029719094743	0	0	
9.163539267795269	33.763899109906276	3.1072727215261198	0	0	3.8504824430039717	33.0345744096605	-3.128438268538708	0	0	
9.489185041847437	34.05960784840589	-2.961127722059773	0	0	3.6975349114883516	34.969514981238106	-3.019593567122244	0	0	
25.984550235799546	34.32310277161426	0.13362112222872824	0	0	33.764912732808035	32.8066379965385	0.17773154351730502	0	0	
25.78769728165045	34.49657400657723	0.19407464444901956	0	0	33.689851204941114	33.222206527181484	-0.0457719941652619	0	0	
24.290520521189723	32.53589012770945	0.1755894621415104	0	0	34.47886781169918	34.76891623586477	-0.16427908425474413	0	0	
22.256379673978245	32.60754475316232	-0.14645483001744264	0	0	34.17730972153436	32.962189285055665	0.17349067139748886	0	0	
24.843302114545708	34.71318868220367	0.09871013955351682	0	0	33.82671243521346	33.0881504718317	-0.1712858416521783	0	0	
25.010538044145875	16.226658603829417	-0.056758766154724416	0	0	32.54364627514162	16.05586057592671	-0.005225844074162378	0	0	
24.149679746487177	17.549768405215186	-0.18254809980652764	0	0	33.768622077918785	17.77073121265093	0.14336121721656303	0	0	
24.86574522936392	17.745192852166554	0.030401186702190053	0	0	34.10213460963428	16.01350459494677	-0.00029679485029721064	0	0	
25.01336404013135	16.356041437680002	-0.0779095227053892	0	0	33.550516438099244	16.984589670365075	-0.1694789280662201	0	0	
27.139299647862494	17.26782815096296	0.11434512995880075	0	0	31.053156609526773	17.61127626505656	0.1754013796746512	0	0	
23.00367059208388	1.4584807953843075	-0.1478920589074475	0	0	33.26522113775194	1.8479653573565162	0.10633424559590487	0	0	
25.68492764370683	1.3994566278765062	-0.14022650946962445	0	0	33.70640698803427	1.8284850842468288	-0.07349560258861176	0	0	
24.36835936534067	0.9123914819099403	0.11826979476776733	0	0	33.40107992461161	0.8138986039559915	0.0162708190092804	0	0	
25.692931332265008	1.6241469826942332	-0.0948669974953722	0	0	32.747733354643245	-0.031081556993497128	0.15225097469096927	0	0	
26.169458363329163	0.72577906704968	0.046265690878940724	0	0	32.88884339446781	1.9281423687710184	0.031885092381923386	0	0	
11.754923162262664	1.113428038349085	-2.822939396705359	0	0	5.155738334176664	0.6441732681989507	3.1392291811251862	0	0	
10.64794110695051	1.0623421724382487	2.8457758546240814	0	0	6.162678982507934	0.4051832304551608	-2.84778842795449	0	0	
9.538837319918194	-0.25403858343584884	2.910958371038438	0	0	3.1101309516870534	-0.7385646431270121	3.055164775288061	0	0	
12.377753174085841	-0.46091764239435185	-3.051304973594548	0	0	4.884080840838987	-0.8863948809209262	-2.8177407558593264	0	0	
10.468596895956901	0.6529403589813865	-2.9801942197262425	0	0	5.877201927967745	0.5593706888857142	3.0042839638363628	0	0	
17.783311044478754	24.21209215934649	1.5859002330763765	0	0	17.796189482860868	28.50612828002268	1.46675232033029	0	0	
18.664234878228402	24.389729233286474	1.7089301520003684	0	0	17.47140143690198	29.388717265868255	1.4544127690476572	0	0	
17.83279563813809	23.352559502972824	1.789211986337305	0	0	17.675045105590158	28.373477000720946	1.334004496776025	0	0	
17.86650617815996	21.448312690801664	1.5735026259482288	0	0	17.82280681243269	28.62318285048927	1.3679119735428493	0	0	
17.568637194639237	22.625125601524076	1.7523462419831404	0	0	18.90334460320552	28.772442550047483	1.7929124656804474	0	0	
18.163746153643526	9.957106802155428	-1.6715760259594974	0	0	17.476973388842367	5.400565605654376	-1.4236086351802113	0	0	
18.082838510488383	11.604961525923942	-1.4163497091108335	0	0	17.59369842172562	4.681223923885549	-1.5534963984498378	0	0	
17.929151220951027	10.772734573831887	-1.6266545444650329	0	0	17.524822987048616	4.710143036274878	-1.6200266769225846	0	0	
17.606186253569597	11.019522649208639	-1.533294632035712	0	0	19.034310004802908	5.2916689784486675	-1.7792815798373192	0	0	
18.536874189531293	10.369847946352522	-1.3234370438157543	0	0	17.108987021153066	5.742215811148145	-1.4400462564807475	0	0	
14.07578643294126	17.945794225909882	0.15030358311179848	0	0	18.276782328555957	22.81250826131378	1.741593187336349	0	0	
13.018828427379175	17.157683171780477	-0.07938620539094243	0	0	17.45707179617141	23.454699225704527	1.6263101498055619	0	0	
12.180985231167512	16.415347086802527	0.19437422012041106	0	0	18.36991926625556	23.24811235667667	1.3856643993503752	0	0	
12.017691275917699	16.600873880766475	-0.13465020301880948	0	0	17.045517226770876	21.262543155881477	1.6368003461100384	0	0	
12.132276291737657	17.932739557975665	0.03565832707980121	0	0	18.77568858749603	23.713543497550987	1.7753567530694223	0	0	
22.301663000320755	16.110137561157746	3.1121256625336597	0	0	18.321959141467648	22.51356362815412	1.7217646314684742	0	0	
25.958098825287642	16.940123963157415	3.09169906383726	0	0	17.20402905215778	21.479467065154026	1.6078280487788996	0	0	
22.26549965619816	16.70162368217563	3.055901352095484	0	0	18.772743842447888	23.31463375804124	1.3309762512572867	0	0	
22.303763426645933	17.00797736979044	3.0589363532226175	0	0	17.1256241436006	23.736251105043625	1.6447765048618317	0	0	
26.398750824803383	17.303320560015564	-2.9547076717991616	0	0	17.091372577352338	22.29690127595784	1.4620056518591475	0	0	
22.03129571927502	16.793329372922138	2.9703741950197706	0	0	18.720851639609176	10.485123743993991	-1.4325391054768648	0	0	
24.087377200482717	16.327061871297197	2.9714634984871555	0	0	17.220771933526468	9.794851974327397	-1.7120207564460395	0	0	
22.174430995368823	16.58903966471952	2.9652578439084962	0	0	18.508067103624093	10.554253244508999	-1.58718497745861	0	0	
24.327794851338332	17.179374719501944	-2.9835899340950913	0	0	18.589633640610952	11.405005593713463	-1.4538263218061145	0	0	
27.461333849547653	16.336547401661566	2.9475297054881278	0	0	17.895100418095172	11.257052669195375	-1.7009647073755154	0	0	
14.584548034105959	17.35765522534745	-0.09733367316418429	0	0	17.416545914876647	11.784857402808463	-1.6898377573124272	0	0	
11.264489680213266	17.646380138245124	0.08968951212991438	0	0	18.262862267734068	11.752928038157494	-1.475614749580115	0	0	
12.183016527922314	16.479963109864325	-0.0727192308358795	0	0	18.819155879838668	10.62804351605861	-1.7249331377053563	0	0	
11.642004840037021	17.567055992204285	-0.11501363450854774	0	0	19.197662221363544	11.923964517077719	-1.3817468217988744	0	0	
12.9689939688596	17.72624711146816	0.032224712404842926	0	0	19.497729885555046	11.153943400597024	-1.4440785985561542	0	0	
18.276848399584882	29.19993735286827	1.5801263861041424	0	0	12.188260804731522	32.525362075000416	3.1050502700649982	0	0	
18.561936597311725	28.727118120533163	1.6419491635469345	0	0	10.372490977804322	32.44254608720381	3.007353320667564	0	0	
18.652406487706553	28.837585952066867	1.6074852799366148	0	0	8.542685827749091	32.313151416364136	-3.0951890726597244	0	0	
17.0810252855004	28.95323772659668	1.4797632619594605	0	0	12.764123481435917	33.19629707291442	2.975534263549598	0	0	
18.933418573675237	28.340096929101477	1.4341112076663993	0	0	10.668365780234481	34.53943529656489	-3.1153243802226642	0	0	
18.55957647392707	28.16540094581264	1.471597376982281	0	0	26.528381025428132	34.7080137060591	0.0016564889854464582	0	0	
17.50775759632534	27.980321254868276	1.3636055765298067	0	0	25.704950392716878	34.182148105133	0.11875290573512753	0	0	
17.017110164173932	28.87404972097442	1.6642280809555183	0	0	27.17041787618842	33.38306173811047	0.08076273237262832	0	0	
18.390027138502923	28.365216989867893	1.4044728267189956	0	0	24.28136338840197	34.515527835152994	-0.13702294287294103	0	0	
18.099746020474285	28.014736775676308	1.5705160242596108	0	0	26.527418619529566	34.05345554189682	0.18922745394070795	0	0	
17.35697746537775	5.085364689121533	-1.781851591689615	0	0	13.016496983248382	-0.6550367158056805	2.9631450440510854	0	0	
17.196018708949186	5.292895515332635	-1.437332393969062	0	0	10.138828113550755	-0.7663436477294885	-3.021088834329661	0	0	
17.908811104553553	4.873620449532634	-1.4794732719033648	0	0	10.458950319218914	1.9060536992937602	-2.819625827042377	0	0	
17.621562895141512	4.098123410726428	-1.6470290553199614	0	0	10.685504734082947	0.3099975836670772	3.1284179988817993	0	0	
18.86288158973954	4.07471858423277	-1.7075105807970299	0	0	9.973835680275702	1.796535158250291	-3.1310194798269135	0	0	
17.286690373492327	4.437753722275218	-1.4267198793031923	0	0	24.124467777578833	1.514405475530475	-0.059918882754926184	0	0	
17.988173125871956	4.59222675826806	-1.7091347980929585	0	0	26.691502371157533	-0.820730624336264	0.036745785519438634	0	0	
19.282273644960824	5.300095388822337	-1.464646717959344	0	0	25.962569402775877	1.460205836581098	0.10879555965420806	0	0	
17.79631934828855	4.262817722295839	-1.52486247096609	0	0	26.467250687937245	0.7677448161699456	0.03902126862452615	0	0	
19.353528022004884	5.664525879037775	-1.4827250507771215	0	0	24.8439942826837	1.3080995038400398	-0.03227137998178575	0	0	
11.002655435768785	17.447199126966307	2.9520832206786025	0	0	6.732684638880483	17.206449353328303	2.969288163720342	0	0	
11.4966675236851	16.91911334863444	-3.111345940668591	0	0	6.99457721359749	16.561463135186244	-2.9785902895668586	0	0	
13.77217088644717	17.174662785965083	-2.9987781042733346	0	0	6.803283289990105	17.46204902259953	3.0483168136221916	0	0	
11.841328672780772	17.372313168557504	-3.1136673158242205	0	0	5.661291026974789	16.942771751466626	3.0606489205752236	0	0	
12.64801422312018	16.4230201758097	-2.964608360173264	0	0	6.398444913896894	17.242547383625958	-3.109059710732454	0	0	
3.2986842621748442	34.70531627020509	-0.12510468444257272	0	0	11.712170973162284	32.18858533360405	-0.14965440022883492	0	0	
3.924714516856728	32.524956522847084	0.3219876810632596	0	0	9.70900693193234	32.83355850450589	0.09592518746930745	0	0	
3.878903542200155	34.0379877480125	0.26661320366000707	0	0	12.678771636493373	32.106314705112865	-0.06779940246700678	0	0	
2.1361316228190055	32.44925804738917	0.10535824862064302	0	0	8.37159306369172	32.352169231509	0.146672761770839	0	0	
3.308198393314858	34.713266800256136	-0.18678385741780623	0	0	10.991114180437942	34.38836548453733	-0.2699604517739713	0	0	
34.499603400851505	33.06693424660613	-3.002659472445184	0	0	24.562186635439378	33.23723843594688	3.059088347388265	0	0	
33.45825031587826	34.222843056190065	3.11136219142956	0	0	24.26738461983631	33.308187326951824	3.028522225152969	0	0	
34.03169614456182	34.29663225119426	-3.0132151000796386	0	0	26.85150369192688	34.042391892556154	-3.018092557958107	0	0	
31.990631939586354	34.47658675505649	-3.053031070371568	0	0	24.05463193208866	34.76824565024049	-3.031264462348799	0	0	
33.245432938723035	32.14954552126515	2.9476672057896938	0	0	23.652337217721588	33.41046891949836	-2.9848059929216215	0	0	
34.54831977920438	16.975297564760282	-3.125302705132024	0	0	25.758359504911223	17.94543328224391	3.104094066365165	0	0	
33.203665138759575	17.468505945951424	3.1283259465141153	0	0	26.252484694549196	16.977513863220402	2.953845201416158	0	0	
30.783406750226295	17.752895429322113	2.9842244087400953	0	0	22.69822800554488	17.336431093538458	-3.1067837517719297	0	0	
31.442936889518183	16.194265240098236	-3.038478571353886	0	0	26.890698606103907	16.430457787397145	-3.0056561186316517	0	0	
34.78107001660336	16.71212676453886	-2.9944149353926712	0	0	25.48031707600764	16.503839825605404	3.0397830462820705	0	0	
33.399311781889274	1.2291780945685966	2.960883942316567	0	0	23.56535395907352	1.187095604583091	3.131502079469067	0	0	
32.452382399044836	1.810420988036891	-2.987002983430991	0	0	26.21162733126787	0.348949063066597	-2.989744551599166	0	0	
33.08918190008262	0.6093331134311408	-3.102497778649018	0	0	26.07760359913153	0.6480473795820314	3.1388381049959424	0	0	
33.75860105355679	0.1799429475503831	-3.0899944849486127	0	0	26.22675939890713	0.20089524758066823	3.1281725355247243	0	0	
33.646815020018224	0.09208032685185841	-3.0287702523472273	0	0	24.01287774579591	-0.02607512336279383	-2.999691958551372	0	0	
4.777653305301559	0.5293760072525826	0.2807483627610994	0	0	12.27337316516003	-0.6636930910652098	0.08000284346378983	0	0	
4.035543701345631	1.9055620555830677	0.26452774105799826	0	0	11.372287464280108	-0.890488560449376	-0.21987610106523192	0	0	
5.446299724689734	0.04142866231270381	0.1182508451781743	0	0	13.040914179774994	-0.8500869762867124	-0.1085885874591912	0	0	
4.801003604773609	-0.7725057573848556	0.022094209328880066	0	0	10.449838480412495	1.7303390483426675	-0.010683517698457656	0	0	
2.253923215840827	1.823801277347112	0.27321099881461564	0	0	11.867987020014743	-0.9566201375530835	-0.3281631610603548	0	0	
17.528494916050008	29.945791493012926	-1.3601038475846554	0	0	17.196609045291417	21.693246826983472	-1.4024269449410656	0	0	
17.637589258368994	29.717087777372313	-1.5421173845182543	0	0	17.53223142806998	22.004070474875547	-1.3477306301553138	0	0	
18.692142651902962	28.969469688519414	-1.4547029739968937	0	0	17.164829440928436	22.924578818931433	-1.717571528553822	0	0	
18.789194731265585	27.80713048793518	-1.3939429615449193	0	0	17.508940528341512	22.296272176247054	-1.7935286986085168	0	0	
17.137410533422504	28.126182062355955	-1.7700169858192918	0	0	18.30047141701859	21.846663684919903	-1.3621169608621906	0	0	
17.31079799295154	4.157854760079535	1.811239066895027	0	0	18.971433218772177	9.414452623983566	1.4392092741246403	0	0	
19.07269919441909	5.340931870326143	1.7558148790559747	0	0	18.802448973953425	9.163511530417264	1.5790985240451425	0	0	
19.215441933242452	5.38514624635756	1.5603263188892074	0	0	19.445238626314104	11.963627576242729	1.663180162686686	0	0	
19.30381938994441	4.085577371964749	1.5677548774662409	0	0	18.148291435548888	9.165952455213102	1.6997151310302714	0	0	
18.894921800665998	5.458257635403161	1.6985933535621793	0	0	19.185550726309916	10.803723937134228	1.5872373279237548	0	0	
18.447522750834146	23.503635206314687	-1.4493917980813265	0	0	11.913442098926435	17.823053061154102	-3.024968282113851	0	0	
17.754801358415712	23.726989866029506	-1.6835271013824409	0	0	14.84553458496607	17.868494537732488	3.1275642057977464	0	0	
18.170686945395413	22.856172844781895	-1.437853936164622	0	0	11.249810357869443	17.090144915046345	3.06900468646731	0	0	
18.758293273980787	23.955215266970214	-1.6339262691096896	0	0	12.266655643451463	17.106599396026866	-2.978468455827838	0	0	
18.36047911119681	22.592954115085753	-1.6978215556070007	0	0	11.813991642009496	16.0794713760746	3.0242732665285406	0	0	
18.057583177306977	23.15191505223289	-1.8402685865670605	0	0	26.439865298251156	16.723830976967815	0.15728994543310026	0	0	
18.872976751090043	23.580708219931907	-1.6217892566204382	0	0	22.204962260700192	16.971883384502682	0.01735666734177288	0	0	
17.32699938212651	21.786515123141054	-1.7155710779275046	0	0	25.812656355826217	16.91405581273921	-0.15426097749026457	0	0	
18.039632448687545	23.545177366783513	-1.8107419286366013	0	0	26.08285789247296	17.875056238597896	-0.10711236734168983	0	0	
17.286269838668552	23.0356937888917	-1.5761461759964766	0	0	25.773371165406772	17.93795727846276	0.01396410733750919	0	0	
17.512799883370135	11.212829539049094	1.5738104214546027	0	0	23.23139668569623	16.580028195764086	-0.16039602961253419	0	0	
18.787604024764864	10.52401331769227	1.4495980255855336	0	0	27.430024311530218	16.343943287607267	-0.13863072220880168	0	0	
19.34744907042081	11.344446777283773	1.7879904607082775	0	0	22.560236517362497	17.131963362190767	-0.15400926476311882	0	0	
18.761987836118244	10.982694671847891	1.6189917340044389	0	0	22.504629353643697	17.15792098469551	-0.1405289293385632	0	0	
18.54465808412993	10.441031738864758	1.4252075766838246	0	0	25.195174796088292	17.38826579439728	-0.10676855250781259	0	0	
18.319766553224472	9.145034050497502	1.774672368562742	0	0	12.344709451215012	17.382975478568703	3.015091501961824	0	0	
17.56695454457008	10.733270313537407	1.3439011504464897	0	0	13.701775209254222	16.231458708162926	-3.118297102982441	0	0	
18.219118829884206	10.985878865794904	1.5766655969808845	0	0	14.189320557565273	17.498288861676468	-3.040304403836134	0	0	
17.123890311986628	10.139433428950898	1.6796018203968766	0	0	11.83784434794202	17.53342384559949	3.0282625633212152	0	0	
18.578887181881647	10.469222458985353	1.3748589065446097	0	0	12.702610108295668	17.311747768529305	3.016633337515744	0	0	
12.250349184657912	32.09029434744122	0.22533646673419883	0	0	18.688512472847936	27.91685330331762	-1.537249058173571	0	0	
12.355805999997617	32.3674019774663	0.17352506884563423	0	0	18.604674881299573	29.395918567987433	-1.641279899975928	0	0	
8.072575045721328	32.06357206893052	0.2856861983264931	0	0	17.67711390619662	29.67528304803283	-1.6507187260560265	0	0	
11.945436126118079	32.62815488245632	0.20183163042527674	0	0	18.67523128663337	29.3894789108854	-1.3875322969426516	0	0	
10.762783422043738	34.654701157691704	-0.23390054294402818	0	0	17.054833121442694	28.77540316977345	-1.4183349393137945	0	0	
23.524026290684564	34.275848073267156	3.0940660542648146	0	0	18.387957187024597	28.673485262665213	-1.4175329317506153	0	0	
22.180321148690908	34.47337281294866	3.130699113219766	0	0	17.54491978759359	28.057237017220007	-1.3989478469171233	0	0	
26.80030642993879	33.017967021531405	-3.131463077134756	0	0	17.82640529514939	27.59936363137516	-1.6725503405917534	0	0	
26.150783239200045	33.78833139815143	3.099483096910129	0	0	18.78957028737568	27.71379563214435	-1.604276652396674	0	0	
22.644108432147963	32.422618641457895	-3.005913238792006	0	0	18.037683879125847	29.249573808648638	-1.4357913115717866	0	0	
13.303235940917851	0.599011578570122	0.02671524563984118	0	0	18.129708761222112	4.755883228491338	1.5283509953192222	0	0	
11.718267332799002	0.7780276909285351	-0.10168957600093886	0	0	17.394498471856583	5.386036195890243	1.3801102378284043	0	0	
10.880774247791791	-0.9144227334337289	-0.32459564097525107	0	0	19.24232992831463	4.503945468782863	1.8410733304890972	0	0	
13.240702325506199	-0.2054334676660251	0.2769570728065589	0	0	18.923763824159728	5.585951551607669	1.5767941775541958	0	0	
11.96433888800543	0.31386793763614484	-0.13035711547347306	0	0	17.330729740034872	4.3341576133469335	1.8085211286830303	0	0	
25.9616803998889	0.05575657755738472	3.0396673907197274	0	0	17.098208977137457	4.606721456986874	1.3544902409815052	0	0	
26.523462295462902	-0.8893415398378367	-3.136606547811403	0	0	18.41931429650045	4.599509834598321	1.6468004368677471	0	0	
25.692356455665234	0.7974598904576107	3.025821362709639	0	0	18.00296084694496	5.069830063631115	1.6233326433589719	0	0	
23.553353925760582	-0.13413979687695132	-3.118032633833314	0	0	17.879723422535125	4.284520860206484	1.839040554418652	0	0	
25.58247940111825	0.1329246599163505	2.9575162530364887	0	0	17.31528022199794	5.765232248533036	1.6698379702252693	0	0	
3.4619721767197476	33.659756306948026	0.030488799713558612	0.0	0.0	4.461507429268588	33.690240383317914	0.030488799713558612	0.0	0.0	
5.461042681817429	33.720724459687794	0.030488799713558612	0.0	0.0	6.46057793436627	33.75120853605768	0.030488799713558612	0.0	0.0	
6.46057793436627	33.75120853605768	0.030488799713558612	0.0	0.0	7.460113186915111	33.78169261242756	0.030488799713558612	0.0	0.0	
9.737341865138834	34.01911777988768	0.39906364853037957	0.0	0.0	10.70752041463665	34.24844501776506	0.16180747645394555	0.0	0.0	
10.70752041463665	34.24844501776506	0.16180747645394555	0.0	0.0	11.694458121640851	34.40954735323319	0.16180747645394555	0.0	0.0	
12.681395828645055	34.570649688701316	0.16180747645394555	0.0	0.0	13.668333535649259	34.731752024169445	0.16180747645394555	0.0	0.0	
14.655271242653463	34.892854359637575	0.16180747645394555	0.0	0.0	15.561317526475094	34.948876451904255	-0.1083470898282286	0.0	0.0	
17.558057779659926	35.02999116637725	0.05783703524450523	0.0	0.0	18.556385684528568	35.08779596168516	0.05783703524450523	0.0	0.0	
18.556385684528568	35.08779596168516	0.05783703524450523	0.0	0.0	19.5368856816896	35.257337998850254	0.3590827234986831	0.0	0.0	
19.5368856816896	35.257337998850254	0.3590827234986831	0.0	0.0	19.65783931129061	35.306377700438524	0.4112954320205038	0.0	0.0	
20.62909398389073	35.51470901329468	0.01129543202050387	0.0	0.0	21.625914404963527	35.43928169267912	-0.08779094617586036	0.0	0.0	
24.61436095292378	35.176247037197236	-0.08779094617586036	0.0	0.0	25.61050980224386	35.08856881870327	-0.08779094617586036	0.0	0.0	
25.61050980224386	35.08856881870327	-0.08779094617586036	0.0	0.0	26.606658651563944	35.00089060020931	-0.08779094617586036	0.0	0.0	
27.07649741602824	34.95936572401202	-0.09946429115278477	0.0	0.0	28.025634844222566	34.666320134786375	-0.4994642911527851	0.0	0.0	
31.337829525940307	32.708455002651384	0.08370222927933568	0.0	0.0	31.453512392192586	32.72087747346074	0.1302456065747215	0.0	0.0	
31.453512392192586	32.72087747346074	0.1302456065747215	0.0	0.0	32.44444337470565	32.65164335716226	-0.26975439342527885	0.0	0.0	
32.44444337470565	32.65164335716226	-0.26975439342527885	0.0	0.0	33.33019021564723	32.20198781263295	-0.6697543934252783	0.0	0.0	
33.33019021564723	32.20198781263295	-0.6697543934252783	0.0	0.0	33.96074512006702	31.50098414023707	-0.9434435104334566	0.0	0.0	
3.7536680684994237	33.69384366171723	-0.2923690816189568	0.0	0.0	4.742780094308616	33.602219563557576	0.10763091838104266	0.0	0.0	
4.742780094308616	33.602219563557576	0.10763091838104266	0.0	0.0	5.698299566686412	33.88328408131458	0.3761475960548424	0.0	0.0	
5.698299566686412	33.88328408131458	0.3761475960548424	0.0	0.0	6.628386243053248	34.25062421585598	0.3761475960548424	0.0	0.0	
7.558472919420083	34.61796435039738	0.3761475960548424	0.0	0.0	8.488559595786919	34.98530448493878	0.3761475960548424	0.0	0.0	
8.488559595786919	34.98530448493878	0.3761475960548424	0.0	0.0	9.418646272153754	35.352644619480174	0.3761475960548424	0.0	0.0	
9.83580707968937	35.51486825260789	0.3327126964391729	0.0	0.0	10.820418827036157	35.646311327551544	-0.06728730356082657	0.0	0.0	
10.820418827036157	35.646311327551544	-0.06728730356082657	0.0	0.0	11.778492646106816	35.38395254234453	-0.4672873035608269	0.0	0.0	
12.655882307406447	34.9042076518633	-0.5018673448906155	0.0	0.0	13.532568086932532	34.42314420077109	-0.5018673448906155	0.0	0.0	
13.532568086932532	34.42314420077109	-0.5018673448906155	0.0	0.0	14.409253866458615	33.94208074967889	-0.5018673448906155	0.0	0.0	
15.212213187311734	33.355308717391324	-0.8234262856763008	0.0	0.0	15.72919381726804	32.50709376632414	-1.2234262856763003	0.0	0.0	
15.72919381726804	32.50709376632414	-1.2234262856763003	0.0	0.0	15.836578501213797	32.11201859172333	-1.3873735017045128	0.0	0.0	
17.72725177863472	26.98735142382067	-1.4458433460263738	0.0	0.0	17.851879859510362	25.995147895577972	-1.4458433460263738	0.0	0.0	
17.9754550206273	25.002822482126994	-1.4749634548213013	0.0	0.0	17.9044386215877	24.126713214142537	-1.8283932009679749	0.0	0.0	
17.529206123689217	22.162376589954004	-1.7562975113976425	0.0	0.0	17.52215727169381	21.168941280917387	-1.378501342548038	0.0	0.0	
18.609153447621935	19.553513954579845	-0.5785013425480381	0.0	0.0	18.828042159398485	19.425907640845416	-0.47711048492560426	0.0	0.0	
21.737724165191416	18.724035877382008	-0.20623815876296536	0.0	0.0	22.716532350844112	18.519256640887487	-0.20623815876296536	0.0	0.0	
22.716532350844112	18.519256640887487	-0.20623815876296536	0.0	0.0	23.695340536496808	18.314477404392967	-0.20623815876296536	0.0	0.0	
23.695340536496808	18.314477404392967	-0.20623815876296536	0.0	0.0	24.6741487221495	18.10969816789845	-0.20623815876296536	0.0	0.0	
25.652956907802196	17.90491893140393	-0.20623815876296536	0.0	0.0	26.63176509345489	17.70013969490941	-0.20623815876296536	0.0	0.0	
28.589381464760287	17.290581221920373	-0.20623815876296536	0.0	0.0	29.568189650412982	17.085801985425853	-0.20623815876296536	0.0	0.0	
30.546997836065675	16.881022748931336	-0.20623815876296536	0.0	0.0	31.525806021718374	16.676243512436816	-0.20623815876296536	0.0	0.0	
32.50461420737106	16.4714642759423	-0.20623815876296536	0.0	0.0	33.16781237028436	16.347842044658726	-0.09734775265551221	0.0	0.0	
3.5599517780289416	34.08407625093324	0.11459558619707949	0.0	0.0	4.553392886251401	34.19842118739189	0.11459558619707949	0.0	0.0	
8.09238344139499	33.851948964412166	-0.6801675423938516	0.0	0.0	8.973400014829727	33.39309455144739	-0.2801675423938512	0.0	0.0	
9.94875929212841	33.17289071523821	-0.2170685886086483	0.0	0.0	10.92529226832116	32.95752278260169	-0.2170685886086483	0.0	0.0	
10.92529226832116	32.95752278260169	-0.2170685886086483	0.0	0.0	11.901825244513912	32.742154849965175	-0.2170685886086483	0.0	0.0	
11.901825244513912	32.742154849965175	-0.2170685886086483	0.0	0.0	12.878358220706662	32.52678691732866	-0.2170685886086483	0.0	0.0	
12.878358220706662	32.52678691732866	-0.2170685886086483	0.0	0.0	13.854891196899413	32.31141898469214	-0.2170685886086483	0.0	0.0	
16.700566875668528	31.62765507178785	-0.7067040941791989	0.0	0.0	17.312810663358842	30.845417819160136	-1.1067040941791983	0.0	0.0	
17.312810663358842	30.845417819160136	-1.1067040941791983	0.0	0.0	17.572617518854553	29.88655032526915	-1.4864642470011606	0.0	0.0	
17.572617518854553	29.88655032526915	-1.4864642470011606	0.0	0.0	17.656849673972374	28.890104168146642	-1.4864642470011606	0.0	0.0	
17.909546139325833	25.90076569677913	-1.4864642470011606	0.0	0.0	17.993778294443654	24.904319539656623	-1.4864642470011606	0.0	0.0	
17.993778294443654	24.904319539656623	-1.4864642470011606	0.0	0.0	18.078010449561475	23.90787338253412	-1.4864642470011606	0.0	0.0	
18.078010449561475	23.90787338253412	-1.4864642470011606	0.0	0.0	18.162242604679292	22.911427225411614	-1.4864642470011606	0.0	0.0	
18.162242604679292	22.911427225411614	-1.4864642470011606	0.0	0.0	18.22703549425519	21.914149765643273	-1.6112535125770773	0.0	0.0	
18.22703549425519	21.914149765643273	-1.6112535125770773	0.0	0.0	17.99047328306373	20.949382490493385	-2.0112535125770776	0.0	0.0	
17.99047328306373	20.949382490493385	-2.0112535125770776	0.0	0.0	17.396886984677696	20.152894649197417	-2.411253512577077	0.0	0.0	
17.396886984677696	20.152894649197417	-2.411253512577077	0.0	0.0	16.539990823833293	19.650434158716763	-2.8112535125770775	0.0	0.0	
16.539990823833293	19.650434158716763	-2.8112535125770775	0.0	0.0	16.535379498126535	19.648857938662122	-2.813202822278672	0.0	0.0	
16.535379498126535	19.648857938662122	-2.813202822278672	0.0	0.0	15.668354505575186	19.1599746534727	-2.522825382363741	0.0	0.0	
14.853760408725993	18.579943225549652	-2.522825382363741	0.0	0.0	14.039166311876802	17.999911797626606	-2.522825382363741	0.0	0.0	
14.039166311876802	17.999911797626606	-2.522825382363741	0.0	0.0	13.20067595940112	17.4583993580159	-2.71335099900919	0.0	0.0	
13.20067595940112	17.4583993580159	-2.71335099900919	0.0	0.0	12.8665110423794	17.333817351596505	-2.8561253058845226	0.0	0.0	
6.930059625833012	17.976843413753254	2.9952560999643216	0.0	0.0	5.940747725598371	18.122658241717087	2.9952560999643216	0.0	0.0	
5.940747725598371	18.122658241717087	2.9952560999643216	0.0	0.0	4.9514358253637285	18.268473069680923	2.9952560999643216	0.0	0.0	
4.9514358253637285	18.268473069680923	2.9952560999643216	0.0	0.0	4.500706648788884	18.336180324775547	2.9634982434727952	0.0	0.0	
34.49241163615318	33.060223518021914	-3.01658786764991	0.0	0.0	33.496581574339125	33.103825751837164	3.024822970849593	0.0	0.0	
31.510201247056727	33.33683475463634	3.024822970849593	0.0	0.0	30.51701108341553	33.45333925603593	3.024822970849593	0.0	0.0	
30.51701108341553	33.45333925603593	3.024822970849593	0.0	0.0	29.52382091977433	33.56984375743552	3.024822970849593	0.0	0.0	
29.52382091977433	33.56984375743552	3.024822970849593	0.0	0.0	28.530630756133128	33.68634825883511	3.024822970849593	0.0	0.0	
28.530630756133128	33.68634825883511	3.024822970849593	0.0	0.0	27.53744059249193	33.8028527602347	3.024822970849593	0.0	0.0	
25.55106026520953	34.03586176303388	3.024822970849593	0.0	0.0	25.38963600885421	34.05287344852517	3.0639234288228963	0.0	0.0	
24.40371271673588	33.93165943521612	-2.81926187835669	0.0	0.0	23.52807441983083	33.45639425771751	-2.561016914634771	0.0	0.0	
22.677437593087188	32.93261376928624	-2.712479697154339	0.0	0.0	21.710048837545372	32.70701108620116	-3.1124796971543387	0.0	0.0	
21.710048837545372	32.70701108620116	-3.1124796971543387	0.0	0.0	20.73117096591143	32.875936180220215	2.7707056100252476	0.0	0.0	
20.73117096591143	32.875936180220215	2.7707056100252476	0.0	0.0	20.300720842863274	33.093223997834784	2.577531840088511	0.0	0.0	
20.300720842863274	33.093223997834784	2.577531840088511	0.0	0.0	19.58349231408001	33.780479999964506	2.1775318400885113	0.0	0.0	
19.58349231408001	33.780479999964506	2.1775318400885113	0.0	0.0	19.117809164102397	34.66340469129184	2.132204956699227	0.0	0.0	
19.117809164102397	34.66340469129184	2.132204956699227	0.0	0.0	18.4324577985866	35.38245342451482	2.532204956699227	0.0	0.0	
18.4324577985866	35.38245342451482	2.532204956699227	0.0	0.0	17.52119662289256	35.777852772815564	2.932204956699227	0.0	0.0	
17.52119662289256	35.777852772815564	2.932204956699227	0.0	0.0	16.527893739846377	35.787177873140536	-2.9509803504803593	0.0	0.0	
15.609369833931513	35.408956497188775	-2.5509803504803594	0.0	0.0	14.910639633382985	34.702901483889285	-2.15098035048036	0.0	0.0	
14.910639633382985	34.702901483889285	-2.15098035048036	0.0	0.0	14.542017273183724	33.78048339510033	-1.7509803504803596	0.0	0.0	
14.56170011873861	32.787331764907435	-1.3509803504803592	0.0	0.0	14.966580681521048	31.88024339829429	-0.9509803504803598	0.0	0.0	
14.966580681521048	31.88024339829429	-0.9509803504803598	0.0	0.0	15.692737223183844	31.202427603284857	-0.5509803504803594	0.0	0.0	
15.692737223183844	31.202427603284857	-0.5509803504803594	0.0	0.0	16.602574438413477	30.79201059020374	-0.49223734163323307	0.0	0.0	
16.602574438413477	30.79201059020374	-0.49223734163323307	0.0	0.0	17.367272494745993	30.157996033899856	-0.8922373416332334	0.0	0.0	
17.367272494745993	30.157996033899856	-0.8922373416332334	0.0	0.0	17.672675121282523	29.67523614894427	-1.1212378496559143	0.0	0.0	
17.672675121282523	29.67523614894427	-1.1212378496559143	0.0	0.0	17.98268775361946	28.72596942458197	-1.2912262915360015	0.0	0.0	
18.258630156698693	27.764795251924976	-1.2912262915360015	0.0	0.0	18.534385245748084	26.80356814586303	-1.3037050897005091	0.0	0.0	
18.600980115528554	25.81245629633097	-1.7037050897005086	0.0	0.0	18.476079838648126	25.299268933467655	-1.915367145086611	0.0	0.0	
18.33297063258291	24.316285042397553	-1.5153671450866106	0.0	0.0	18.55603827103669	23.344897926658387	-1.2696681382054757	0.0	0.0	
18.55603827103669	23.344897926658387	-1.2696681382054757	0.0	0.0	18.85263608912504	22.389895447967767	-1.2696681382054757	0.0	0.0	
19.44583172530173	20.47989049058652	-1.2696681382054757	0.0	0.0	19.68218277891927	19.801396563058272	-1.1296222413396437	0.0	0.0	
19.68218277891927	19.801396563058272	-1.1296222413396437	0.0	0.0	20.27633992659403	19.005334468224632	-0.7296222413396443	0.0	0.0	
21.133596080970136	18.503488415387476	-0.3296222413396439	0.0	0.0	22.117210379617994	18.340568502724953	-0.09593580488710085	0.0	0.0	
22.117210379617994	18.340568502724953	-0.09593580488710085	0.0	0.0	23.11261206869323	18.24477979051853	-0.09593580488710085	0.0	0.0	
24.108013757768468	18.148991078312104	-0.09593580488710085	0.0	0.0	25.103415446843705	18.05320236610568	-0.09593580488710085	0.0	0.0	
25.103415446843705	18.05320236610568	-0.09593580488710085	0.0	0.0	26.098817135918942	17.957413653899255	-0.09593580488710085	0.0	0.0	
27.09421882499418	17.86162494169283	-0.09593580488710085	0.0	0.0	28.089620514069416	17.765836229486407	-0.09593580488710085	0.0	0.0	
28.089620514069416	17.765836229486407	-0.09593580488710085	0.0	0.0	29.085022203144653	17.670047517279983	-0.09593580488710085	0.0	0.0	
29.085022203144653	17.670047517279983	-0.09593580488710085	0.0	0.0	30.08042389221989	17.57425880507356	-0.09593580488710085	0.0	0.0	
30.08042389221989	17.57425880507356	-0.09593580488710085	0.0	0.0	31.076601917213488	17.49082319053491	0.003586551186716136	0.0	0.0	
32.65199900618691	18.05695280828633	0.6863855227095206	0.0	0.0	33.53014541885938	18.52127645928251	0.28638552270952067	0.0	0.0	
34.51701836277157	18.674199860800652	0.11855300215228559	0.0	0.0	34.76596619497478	18.710584182383737	0.191696627846496	0.0	0.0	
32.52379826181473	32.82297079769454	3.121192956753171	0.0	0.0	31.52400632841456	32.84336907967968	3.121192956753171	0.0	0.0	
30.52421439501439	32.86376736166483	3.121192956753171	0.0	0.0	29.52442246161422	32.884165643649965	3.121192956753171	0.0	0.0	
29.52442246161422	32.884165643649965	3.121192956753171	0.0	0.0	28.524630528214047	32.90456392563511	3.121192956753171	0.0	0.0	
28.524630528214047	32.90456392563511	3.121192956753171	0.0	0.0	27.524838594813872	32.924962207620254	3.121192956753171	0.0	0.0	
27.524838594813872	32.924962207620254	3.121192956753171	0.0	0.0	26.5250466614137	32.9453604896054	3.121192956753171	0.0	0.0	
24.525462794613354	32.98615705357568	3.121192956753171	0.0	0.0	23.525755237830914	32.99696600465839	-3.0743944216094663	0.0	0.0	
23.525755237830914	32.99696600465839	-3.0743944216094663	0.0	0.0	22.594917906283595	32.7482361386033	-2.686570066717991	0.0	0.0	
22.594917906283595	32.7482361386033	-2.686570066717991	0.0	0.0	21.643497053545904	32.44688653811603	-2.8830857335539433	0.0	0.0	
21.643497053545904	32.44688653811603	-2.8830857335539433	0.0	0.0	20.676724310913286	32.1912491697549	-2.8830857335539433	0.0	0.0	
19.709951568280673	31.935611801393755	-2.8830857335539433	0.0	0.0	18.743178825648055	31.679974433032616	-2.8830857335539433	0.0	0.0	
17.019189320670144	30.74935782684083	-2.267453564804301	0.0	0.0	16.645434074549062	30.14533839580984	-1.9823673296562045	0.0	0.0	
16.645434074549062	30.14533839580984	-1.9823673296562045	0.0	0.0	16.436835120139797	29.174141170122237	-1.5823673296562042	0.0	0.0	
16.436835120139797	29.174141170122237	-1.5823673296562042	0.0	0.0	16.59032165056356	28.189056603553645	-1.3470865480776464	0.0	0.0	
16.59032165056356	28.189056603553645	-1.3470865480776464	0.0	0.0	16.812170127241693	27.213975451343437	-1.3470865480776464	0.0	0.0	
17.477715557276095	24.288731994712805	-1.3470865480776464	0.0	0.0	17.69956403395423	23.313650842502593	-1.3470865480776464	0.0	0.0	
17.69956403395423	23.313650842502593	-1.3470865480776464	0.0	0.0	17.92141251063236	22.33856969029238	-1.3470865480776464	0.0	0.0	
17.92141251063236	22.33856969029238	-1.3470865480776464	0.0	0.0	18.033123722633338	21.349728481483282	-1.6454398283133456	0.0	0.0	
17.763724318882094	20.393610530484345	-2.045439828313345	0.0	0.0	17.143261168749635	19.617876649381007	-2.445439828313346	0.0	0.0	
17.143261168749635	19.617876649381007	-2.445439828313346	0.0	0.0	16.269691760894556	19.14499816115844	-2.8454398283133453	0.0	0.0	
16.269691760894556	19.14499816115844	-2.8454398283133453	0.0	0.0	16.17672130911463	19.118583743991657	-2.8841022442070785	0.0	0.0	
16.17672130911463	19.118583743991657	-2.8841022442070785	0.0	0.0	15.222960664186246	18.818181703327582	-2.8332282110648452	0.0	0.0	
14.27012942735866	18.51468107050186	-2.8332282110648452	0.0	0.0	13.317298190531073	18.21118043767614	-2.8332282110648452	0.0	0.0	
13.317298190531073	18.21118043767614	-2.8332282110648452	0.0	0.0	12.364466953703486	17.907679804850424	-2.8332282110648452	0.0	0.0	
12.364466953703486	17.907679804850424	-2.8332282110648452	0.0	0.0	11.4116357168759	17.604179172024704	-2.8332282110648452	0.0	0.0	
11.4116357168759	17.604179172024704	-2.8332282110648452	0.0	0.0	10.458804480048315	17.300678539198984	-2.8332282110648452	0.0	0.0	
9.477092809473735	17.14548021100681	3.1017063207480664	0.0	0.0	8.774601058165613	17.275685792242193	2.814942142538669	0.0	0.0	
33.91333201851771	34.85341937556215	-2.997670821684408	0.0	0.0	32.923670900671624	34.709993883324415	-2.997670821684408	0.0	0.0	
32.923670900671624	34.709993883324415	-2.997670821684408	0.0	0.0	31.934009782825534	34.56656839108669	-2.997670821684408	0.0	0.0	
30.94434866497945	34.42314289884896	-2.997670821684408	0.0	0.0	29.954687547133364	34.27971740661123	-2.997670821684408	0.0	0.0	
28.965026429287278	34.13629191437351	-2.997670821684408	0.0	0.0	27.97536531144119	33.992866422135776	-2.997670821684408	0.0	0.0	
27.97536531144119	33.992866422135776	-2.997670821684408	0.0	0.0	26.985704193595105	33.84944092989805	-2.997670821684408	0.0	0.0	
26.985704193595105	33.84944092989805	-2.997670821684408	0.0	0.0	25.996043075749018	33.70601543766032	-2.997670821684408	0.0	0.0	
25.996043075749018	33.70601543766032	-2.997670821684408	0.0	0.0	25.00638195790293	33.562589945422594	-2.997670821684408	0.0	0.0	
22.037398604364668	33.13231346870941	-2.997670821684408	0.0	0.0	21.04685481559605	32.996326033575144	-3.0750865522346515	0.0	0.0	
21.04685481559605	32.996326033575144	-3.0750865522346515	0.0	0.0	20.716954227139027	32.996168337989815	3.0760425709798582	0.0	0.0	
20.716954227139027	32.996168337989815	3.0760425709798582	0.0	0.0	19.73758325213546	33.19166257336609	2.910229846048843	0.0	0.0	
19.73758325213546	33.19166257336609	2.910229846048843	0.0	0.0	18.764228450690243	33.42096680469107	2.910229846048843	0.0	0.0	
18.764228450690243	33.42096680469107	2.910229846048843	0.0	0.0	17.790873649245025	33.65027103601605	2.910229846048843	0.0	0.0	
17.790873649245025	33.65027103601605	2.910229846048843	0.0	0.0	16.817518847799807	33.879575267341025	2.910229846048843	0.0	0.0	
12.924099642018934	34.79679219264094	2.910229846048843	0.0	0.0	11.950744840573716	35.026096423965924	2.910229846048843	0.0	0.0	
9.03068043623806	35.71400911794087	2.910229846048843	0.0	0.0	8.05850706824952	35.9102907167202	3.0700792309939793	0.0	0.0	
7.073348621085458	35.783009889628175	-2.813106076185607	0.0	0.0	6.19209958313996	35.315820163294646	-2.594354832204467	0.0	0.0	
6.19209958313996	35.315820163294646	-2.594354832204467	0.0	0.0	5.338134559651991	34.795489750326894	-2.594354832204467	0.0	0.0	
3.654344134645857	33.72018168853621	-2.4104699263418596	0.0	0.0	3.238410464882465	33.23823000190159	-2.1551309716130795	0.0	0.0	
33.001220299696584	0.5645109381589712	-3.092739432308771	0.0	0.0	32.00498098187189	0.6382641273580177	3.0390759194996724	0.0	0.0	
31.010231221643522	0.7406013860940839	3.0390759194996724	0.0	0.0	30.01548146141516	0.84293864483015	3.0390759194996724	0.0	0.0	
30.01548146141516	0.84293864483015	3.0390759194996724	0.0	0.0	29.020731701186797	0.9452759035662162	3.0390759194996724	0.0	0.0	
28.02598194095843	1.0476131623022824	3.0390759194996724	0.0	0.0	27.031114624054354	1.148674041207452	3.071098642584158	0.0	0.0	
27.031114624054354	1.148674041207452	3.071098642584158	0.0	0.0	26.435081269606716	1.1193602139556522	-2.9728147921988417	0.0	0.0	
26.435081269606716	1.1193602139556522	-2.9728147921988417	0.0	0.0	25.4391758159144	1.1294618847971778	3.04041020065951	0.0	0.0	
25.4391758159144	1.1294618847971778	3.04041020065951	0.0	0.0	24.44429039452973	1.2304717769674292	3.04041020065951	0.0	0.0	
23.449404973145057	1.3314816691376805	3.04041020065951	0.0	0.0	22.454519551760388	1.432491561307932	3.04041020065951	0.0	0.0	
19.27781197971628	2.7609154671373934	2.1127396914553858	0.0	0.0	18.944696538514513	3.6967480461171007	1.7174852355639916	0.0	0.0	
18.944696538514513	3.6967480461171007	1.7174852355639916	0.0	0.0	18.798533130472954	4.686008506334568	1.7174852355639916	0.0	0.0	
18.798533130472954	4.686008506334568	1.7174852355639916	0.0	0.0	18.652369722431395	5.675268966552037	1.7174852355639916	0.0	0.0	
18.652369722431395	5.675268966552037	1.7174852355639916	0.0	0.0	18.506206314389836	6.664529426769505	1.7174852355639916	0.0	0.0	
18.506206314389836	6.664529426769505	1.7174852355639916	0.0	0.0	18.360042906348276	7.653789886986973	1.7174852355639916	0.0	0.0	
17.483062458098917	13.589352648291781	1.7174852355639916	0.0	0.0	17.336899050057358	14.578613108509249	1.7174852355639916	0.0	0.0	
17.1907356420158	15.567873568726718	1.7174852355639916	0.0	0.0	17.04457223397424	16.557134028944184	1.7174852355639916	0.0	0.0	
17.04457223397424	16.557134028944184	1.7174852355639916	0.0	0.0	16.89840882593268	17.546394489161656	1.7174852355639916	0.0	0.0	
16.567977303591505	18.53417264494965	2.101954372056843	0.0	0.0	16.245002190956278	19.473547251580143	1.7019543720568433	0.0	0.0	
16.245002190956278	19.473547251580143	1.7019543720568433	0.0	0.0	16.313299131287657	20.46454995722545	1.307183509924477	0.0	0.0	
16.313299131287657	20.46454995722545	1.307183509924477	0.0	0.0	16.573869387837878	21.430004845556002	1.307183509924477	0.0	0.0	
16.573869387837878	21.430004845556002	1.307183509924477	0.0	0.0	16.834439644388098	22.39545973388655	1.307183509924477	0.0	0.0	
16.834439644388098	22.39545973388655	1.307183509924477	0.0	0.0	17.09500990093832	23.3609146222171	1.307183509924477	0.0	0.0	
17.09500990093832	23.3609146222171	1.307183509924477	0.0	0.0	17.35558015748854	24.326369510547647	1.307183509924477	0.0	0.0	
17.35558015748854	24.326369510547647	1.307183509924477	0.0	0.0	17.616150414038756	25.291824398878198	1.307183509924477	0.0	0.0	
18.137290927139198	27.222734175539294	1.307183509924477	0.0	0.0	18.397861183689418	28.188189063869842	1.307183509924477	0.0	0.0	
18.99739411206097	30.090501516282735	1.04857050894972	0.0	0.0	19.04479350721893	30.16946005580293	1.0117311542012146	0.0	0.0	
19.04479350721893	30.16946005580293	1.0117311542012146	0.0	0.0	19.408795337961323	31.095911672913896	1.3008773708081494	0.0	0.0	
19.408795337961323	31.095911672913896	1.3008773708081494	0.0	0.0	19.675448665912977	32.05970418310076	1.3008773708081494	0.0	0.0	
19.675448665912977	32.05970418310076	1.3008773708081494	0.0	0.0	19.942101993864632	33.02349669328763	1.3008773708081494	0.0	0.0	
19.942101993864632	33.02349669328763	1.3008773708081494	0.0	0.0	20.208755321816287	33.9872892034745	1.3008773708081494	0.0	0.0	
20.208755321816287	33.9872892034745	1.3008773708081494	0.0	0.0	20.503612360969424	34.75872119072057	1.0496561334906858	0.0	0.0	
21.159460993193225	35.504777587096946	0.6496561334906858	0.0	0.0	22.054065631450367	35.9365415459596	0.24965613349068594	0.0	0.0	
22.054065631450367	35.9365415459596	0.24965613349068594	0.0	0.0	23.04618787393199	35.98584703183252	-0.15034386650931353	0.0	0.0	
24.65726465578987	35.92338457803292	0.23694752845565503	0.0	0.0	25.651727228871398	35.99040797658558	-0.007094571820632112	0.0	0.0	
25.651727228871398	35.99040797658558	-0.007094571820632112	0.0	0.0	26.651702062502295	35.983313464279924	-0.007094571820632112	0.0	0.0	
26.651702062502295	35.983313464279924	-0.007094571820632112	0.0	0.0	27.651676870134246	35.97621555099815	-0.008744074955360226	0.0	0.0	
28.53586076878798	35.806350741408096	-0.3708604542114742	0.0	0.0	29.469413355398984	35.44791036572874	-0.3665737658788162	0.0	0.0	
29.469413355398984	35.44791036572874	-0.3665737658788162	0.0	0.0	30.238966245095565	35.12649761285517	-0.5059302563507693	0.0	0.0	
4.823670982933805	0.552398543792306	0.13611298610066047	0.0	0.0	5.814421903290312	0.688091630619657	0.13611298610066047	0.0	0.0	
7.795923744003325	0.9594778042743586	0.13611298610066047	0.0	0.0	8.786674664359833	1.0951708911017093	0.13611298610066047	0.0	0.0	
8.786674664359833	1.0951708911017093	0.13611298610066047	0.0	0.0	9.777425584716338	1.2308639779290602	0.13611298610066047	0.0	0.0	
9.777425584716338	1.2308639779290602	0.13611298610066047	0.0	0.0	10.768176505072844	1.3665570647564111	0.13611298610066047	0.0	0.0	
10.768176505072844	1.3665570647564111	0.13611298610066047	0.0	0.0	11.758927425429352	1.5022501515837619	0.13611298610066047	0.0	0.0	
12.74967834578586	1.6379432384111128	0.13611298610066047	0.0	0.0	13.740429266142364	1.7736363252384635	0.13611298610066047	0.0	0.0	
15.62668383381435	2.348014005365755	0.6419801690560822	0.0	0.0	16.288239790819638	3.0890142015295305	1.0419801690560826	0.0	0.0	
16.288239790819638	3.0890142015295305	1.0419801690560826	0.0	0.0	16.609014110126978	4.029142602885882	1.441980169056082	0.0	0.0	
16.538363579905322	5.019973606409358	1.8419801690560824	0.0	0.0	16.488432140311872	5.178853400406496	1.908608932538968	0.0	0.0	
16.53098098534793	8.154745726554218	1.4806827886525613	0.0	0.0	16.62097261258955	9.150688248503354	1.4806827886525613	0.0	0.0	
16.71096423983117	10.14663077045249	1.4806827886525613	0.0	0.0	16.800955867072794	11.142573292401625	1.4806827886525613	0.0	0.0	
16.800955867072794	11.142573292401625	1.4806827886525613	0.0	0.0	16.89094749431441	12.138515814350761	1.4806827886525613	0.0	0.0	
16.980939121556034	13.134458336299899	1.4806827886525613	0.0	0.0	17.070930748797654	14.130400858249034	1.4806827886525613	0.0	0.0	
17.340905630522514	17.118228424096444	1.4806827886525613	0.0	0.0	17.430897257764133	18.114170946045576	1.4806827886525613	0.0	0.0	
17.520888885005753	19.110113467994715	1.4806827886525613	0.0	0.0	17.61088051224737	20.106055989943847	1.4806827886525613	0.0	0.0	
17.700872139488993	21.101998511892987	1.4806827886525613	0.0	0.0	17.790863766730613	22.097941033842122	1.4806827886525613	0.0	0.0	
17.880855393972233	23.09388355579126	1.4806827886525613	0.0	0.0	17.97084702121385	24.089826077740394	1.4806827886525613	0.0	0.0	
18.330813530180333	28.07359616553694	1.4806827886525613	0.0	0.0	18.420805157421952	29.069538687486077	1.4806827886525613	0.0	0.0	
18.420805157421952	29.069538687486077	1.4806827886525613	0.0	0.0	18.510796784663572	30.065481209435212	1.4806827886525613	0.0	0.0	
18.566088376431793	31.062622866649768	1.647410282105365	0.0	0.0	18.294805510654303	32.01820812276222	2.0474102821053655	0.0	0.0	
17.672815018275447	32.79271790472384	2.447410282105364	0.0	0.0	16.7983155217113	33.26387414788845	2.8474102821053644	0.0	0.0	
16.7983155217113	33.26387414788845	2.8474102821053644	0.0	0.0	15.809371262969368	33.357291641246555	-3.0357750250742215	0.0	0.0	
15.809371262969368	33.357291641246555	-3.0357750250742215	0.0	0.0	15.372934168846076	33.271132986831844	-2.8575953124892064	0.0	0.0	
14.383089760091503	33.187792591936905	3.02558999469038	0.0	0.0	13.405430480148699	33.39596312027634	2.91709087866207	0.0	0.0	
10.480715050362575	34.063825123066565	2.91709087866207	0.0	0.0	9.505809907100534	34.28644579066331	2.91709087866207	0.0	0.0	
9.505809907100534	34.28644579066331	2.91709087866207	0.0	0.0	8.530904763838492	34.50906645826005	2.91709087866207	0.0	0.0	
7.555999620576451	34.73168712585679	2.91709087866207	0.0	0.0	6.58109447731441	34.95430779345353	2.91709087866207	0.0	0.0	
6.58109447731441	34.95430779345353	2.91709087866207	0.0	0.0	5.601966597189046	35.15352564482749	3.055056995980036	0.0	0.0	
5.601966597189046	35.15352564482749	3.055056995980036	0.0	0.0	4.6150073364947595	35.04105790414722	-2.8281283111995497	0.0	0.0	
4.6150073364947595	35.04105790414722	-2.8281283111995497	0.0	0.0	3.7497546599382385	34.55312821589725	-2.42812831119955	0.0	0.0	
3.0048789070956206	33.852531318867754	-2.3844902902755094	0.0	0.0	2.6248209254285473	33.45008866422133	-2.2256379214497795	0.0	0.0	
5.2798293004747805	1.9931467783663848	0.06706850369781682	0.0	0.0	6.277581051323456	2.060165012291191	0.06706850369781682	0.0	0.0	
6.277581051323456	2.060165012291191	0.06706850369781682	0.0	0.0	7.275332802172134	2.127183246215998	0.06706850369781682	0.0	0.0	
7.275332802172134	2.127183246215998	0.06706850369781682	0.0	0.0	8.27308455302081	2.194201480140804	0.06706850369781682	0.0	0.0	
10.268588054718162	2.328237947990417	0.06706850369781682	0.0	0.0	11.26633980556684	2.3952561819152236	0.06706850369781682	0.0	0.0	
13.261843307264193	2.5292926497648365	0.06706850369781682	0.0	0.0	14.25959505811287	2.596310883689643	0.06706850369781682	0.0	0.0	
14.25959505811287	2.596310883689643	0.06706850369781682	0.0	0.0	15.257346808961547	2.6633291176144493	0.06706850369781682	0.0	0.0	
15.257346808961547	2.6633291176144493	0.06706850369781682	0.0	0.0	16.25509855981022	2.730347351539256	0.06706850369781682	0.0	0.0	
16.25509855981022	2.730347351539256	0.06706850369781682	0.0	0.0	16.753049172065595	2.7581610313581266	0.0	0.0	0.0	
19.17396083983447	6.328057456809327	1.6523239060659485	0.0	0.0	19.09252354607399	7.3247359241120815	1.6523239060659485	0.0	0.0	
19.09252354607399	7.3247359241120815	1.6523239060659485	0.0	0.0	19.01108625231351	8.321414391414837	1.6523239060659485	0.0	0.0	
19.01108625231351	8.321414391414837	1.6523239060659485	0.0	0.0	18.92964895855303	9.318092858717591	1.6523239060659485	0.0	0.0	
18.92964895855303	9.318092858717591	1.6523239060659485	0.0	0.0	18.84821166479255	10.314771326020347	1.6523239060659485	0.0	0.0	
18.603899783511107	13.304806727928613	1.6523239060659485	0.0	0.0	18.561652969673073	14.3023663156173	1.4751582667464205	0.0	0.0	
18.851064803512248	15.25261805352562	1.075158266746421	0.0	0.0	19.48767621141653	16.015155587218267	0.6751582667464207	0.0	0.0	
20.370980249893144	16.469591006804862	0.2751582667464212	0.0	0.0	21.05022838354133	16.563635484993323	0.0	0.0	0.0	
21.05022838354133	16.563635484993323	0.0	0.0	0.0	22.037121526798423	16.711879072981738	0.1981222953784263	0.0	0.0	
23.017559418994615	16.908707779083993	0.1981222953784263	0.0	0.0	23.997997311190808	17.10553648518625	0.1981222953784263	0.0	0.0	
25.958873095583193	17.499193897390764	0.1981222953784263	0.0	0.0	26.93931899031113	17.695982343138304	0.192391814238698	0.0	0.0	
27.417336800910263	17.742108065032347	0.0	0.0	0.0	28.417139812359416	17.722427165871295	-0.020191858183249423	0.0	0.0	
29.41693596371706	17.70223667973432	-0.020191858183249423	0.0	0.0	30.4167321150747	17.682046193597344	-0.020191858183249423	0.0	0.0	
30.82495967750184	17.6743119256433	0.0	0.0	0.0	31.822162025897743	17.602064036990495	-0.08040204311114252	0.0	0.0	
31.822162025897743	17.602064036990495	-0.08040204311114252	0.0	0.0	32.75796139512925	17.53476373912772	0.0	0.0	0.0	
4.90843547503238	0.17489404883173343	-0.27714814546739497	0.0	0.0	5.8988274765500535	0.09833519373478165	0.12285185453260539	0.0	0.0	
7.723269187406572	0.8818235226649935	0.36618802489299807	0.0	0.0	8.702930031118326	1.0461470032206028	-0.0338119751070014	0.0	0.0	
8.702930031118326	1.0461470032206028	-0.0338119751070014	0.0	0.0	8.951625016024499	1.0252708022546768	-0.13368133437990615	0.0	0.0	
9.950561606051455	1.0124554247564417	0.014657059186610866	0.0	0.0	10.950454193282427	1.02711195915419	0.014657059186610866	0.0	0.0	
10.950454193282427	1.02711195915419	0.014657059186610866	0.0	0.0	11.9503467805134	1.0417684935519382	0.014657059186610866	0.0	0.0	
11.9503467805134	1.0417684935519382	0.014657059186610866	0.0	0.0	12.950239367744372	1.0564250279496863	0.014657059186610866	0.0	0.0	
12.950239367744372	1.0564250279496863	0.014657059186610866	0.0	0.0	13.950137092380304	1.0698250935885643	-0.017048011024038523	0.0	0.0	
14.886609276014656	0.8704888986240849	-0.4024090136434486	0.0	0.0	15.84229205968707	0.5782223817802009	-0.2772039910902082	0.0	0.0	
16.804116433244044	0.3045549295105927	-0.2772039910902082	0.0	0.0	17.6220696382813	0.07227873969348275	-0.25847899728679913	0.0	0.0	
17.6220696382813	0.07227873969348275	-0.25847899728679913	0.0	0.0	18.6142068302332	0.009340349759478686	0.07886958103406094	0.0	0.0	
18.6142068302332	0.009340349759478686	0.07886958103406094	0.0	0.0	19.611098236722313	0.08812818935517458	0.07886958103406094	0.0	0.0	
19.611098236722313	0.08812818935517458	0.07886958103406094	0.0	0.0	20.607989643211425	0.1669160289508705	0.07886958103406094	0.0	0.0	
20.607989643211425	0.1669160289508705	0.07886958103406094	0.0	0.0	21.60488104970054	0.24570386854656637	0.07886958103406094	0.0	0.0	
21.60488104970054	0.24570386854656637	0.07886958103406094	0.0	0.0	22.601772456189654	0.32449170814226225	0.07886958103406094	0.0	0.0	
22.601772456189654	0.32449170814226225	0.07886958103406094	0.0	0.0	23.59799368900766	0.4097664008953318	0.15110433864379402	0.0	0.0	
23.59799368900766	0.4097664008953318	0.15110433864379402	0.0	0.0	23.801794551811838	0.44952055843144834	0.23418501570671246	0.0	0.0	
23.801794551811838	0.44952055843144834	0.23418501570671246	0.0	0.0	24.79400315677659	0.5669764777125881	0.09289295915336412	0.0	0.0	
25.78969170751247	0.6597358973608357	0.09289295915336412	0.0	0.0	26.785380258248352	0.7524953170090832	0.09289295915336412	0.0	0.0	
26.785380258248352	0.7524953170090832	0.09289295915336412	0.0	0.0	27.781068808984234	0.8452547366573309	0.09289295915336412	0.0	0.0	
27.781068808984234	0.8452547366573309	0.09289295915336412	0.0	0.0	28.776757359720115	0.9380141563055784	0.09289295915336412	0.0	0.0	
30.74727587282458	1.2310379355990624	0.38924049070367406	0.0	0.0	31.091041320834396	1.4040562492823612	0.5433331566031052	0.0	0.0	
31.091041320834396	1.4040562492823612	0.5433331566031052	0.0	0.0	32.026414144200146	1.7384441322457338	0.1433331566031053	0.0	0.0	
32.026414144200146	1.7384441322457338	0.1433331566031053	0.0	0.0	33.025187979628924	1.7642585749600321	-0.00983689444630187	0.0	0.0	
34.81103289940221	0.9884209272009362	-0.8098368944463017	0.0	0.0	35.33949216432907	0.1473095313223045	-1.2098368944463012	0.0	0.0	
8.146287535958518	16.497894401835126	0.12088791385261821	0.0	0.0	9.138989486338495	16.618488090358976	0.12088791385261821	0.0	0.0	
10.131691436718473	16.739081778882827	0.12088791385261821	0.0	0.0	11.12439338709845	16.859675467406678	0.12088791385261821	0.0	0.0	
11.12439338709845	16.859675467406678	0.12088791385261821	0.0	0.0	12.117095337478428	16.98026915593053	0.12088791385261821	0.0	0.0	
13.109797287858406	17.100862844454376	0.12088791385261821	0.0	0.0	14.102499238238384	17.221456532978227	0.12088791385261821	0.0	0.0	
14.102499238238384	17.221456532978227	0.12088791385261821	0.0	0.0	15.05655788109844	17.499272427782387	0.4814291357771223	0.0	0.0	
16.17039826262923	18.494800250488705	0.7718915533300656	0.0	0.0	16.21463505106748	18.536818979710592	0.7474861381006903	0.0	0.0	
16.21463505106748	18.536818979710592	0.7474861381006903	0.0	0.0	16.794477383166154	19.343367456164614	1.1474861381006902	0.0	0.0	
16.34979223451748	24.23431136153956	1.6880219509659637	0.0	0.0	16.36584787313903	25.232810143428427	1.5190619042222884	0.0	0.0	
16.36584787313903	25.232810143428427	1.5190619042222884	0.0	0.0	16.417559221363046	26.231472216636806	1.5190619042222884	0.0	0.0	
16.417559221363046	26.231472216636806	1.5190619042222884	0.0	0.0	16.46927056958706	27.230134289845182	1.5190619042222884	0.0	0.0	
16.46927056958706	27.230134289845182	1.5190619042222884	0.0	0.0	16.512475681030736	28.229002518241135	1.60157417687174	0.0	0.0	
16.512475681030736	28.229002518241135	1.60157417687174	0.0	0.0	16.463719919141774	28.649267020990266	1.7710100530545958	0.0	0.0	
16.463719919141774	28.649267020990266	1.7710100530545958	0.0	0.0	16.299972746368017	29.635748688758188	1.733532036493485	0.0	0.0	
16.299972746368017	29.635748688758188	1.733532036493485	0.0	0.0	16.13795437204566	30.622536430059192	1.733532036493485	0.0	0.0	
16.13795437204566	30.622536430059192	1.733532036493485	0.0	0.0	15.975935997723301	31.6093241713602	1.733532036493485	0.0	0.0	
15.975935997723301	31.6093241713602	1.733532036493485	0.0	0.0	15.813917623400942	32.5961119126612	1.733532036493485	0.0	0.0	
15.813917623400942	32.5961119126612	1.733532036493485	0.0	0.0	15.711585047556689	33.58826877216013	1.5144306343691953	0.0	0.0	
17.434427059143204	35.82486070457742	0.3144306343691956	0.0	0.0	18.421277182406833	35.93828208341974	-0.0855693656308043	0.0	0.0	
18.421277182406833	35.93828208341974	-0.0855693656308043	0.0	0.0	19.37439470320304	35.65845255224902	-0.4855693656308038	0.0	0.0	
20.143303322151652	35.02955104114376	-0.8855693656308041	0.0	0.0	20.60660927508783	34.150867270417436	-1.2855693656308045	0.0	0.0	
20.60660927508783	34.150867270417436	-1.2855693656308045	0.0	0.0	20.69116673921692	33.161126086963904	-1.6855693656308048	0.0	0.0	
20.69116673921692	33.161126086963904	-1.6855693656308048	0.0	0.0	20.57974054067155	32.65811351717503	-1.8920182848276585	0.0	0.0	
20.57974054067155	32.65811351717503	-1.8920182848276585	0.0	0.0	20.08511330392519	31.79667200921724	-2.2920182848276585	0.0	0.0	
19.2940703255619	31.195848756216765	-2.6920182848276584	0.0	0.0	18.331499898407667	30.950500538917233	-3.0920182848276583	0.0	0.0	
18.331499898407667	30.950500538917233	-3.0920182848276583	0.0	0.0	17.349370727906045	31.09936244611222	2.791167022351928	0.0	0.0	
17.349370727906045	31.09936244611222	2.791167022351928	0.0	0.0	16.502739415017366	31.618932455832113	2.391167022351928	0.0	0.0	
16.502739415017366	31.618932455832113	2.391167022351928	0.0	0.0	15.925270428312562	32.427181887850516	1.9911670223519282	0.0	0.0	
15.925270428312562	32.427181887850516	1.9911670223519282	0.0	0.0	15.708133423400911	33.396505928644885	1.5911670223519283	0.0	0.0	
15.708133423400911	33.396505928644885	1.5911670223519283	0.0	0.0	15.885609558948243	34.373869625676406	1.1911670223519284	0.0	0.0	
15.885609558948243	34.373869625676406	1.1911670223519284	0.0	0.0	16.429679255497927	35.20496874146241	0.7911670223519285	0.0	0.0	
20.15856963057948	35.44992723899235	-0.3082375529864896	0.0	0.0	21.111439370791434	35.1465475129255	-0.3082375529864896	0.0	0.0	
21.111439370791434	35.1465475129255	-0.3082375529864896	0.0	0.0	22.064309111003393	34.84316778685865	-0.3082375529864896	0.0	0.0	
23.01717885121535	34.53978806079181	-0.3082375529864896	0.0	0.0	23.918270615442776	34.32755409878989	-0.06910303786445482	0.0	0.0	
24.913649202448767	34.40245786900602	0.11956997953854476	0.0	0.0	25.906509225205774	34.52174313721192	0.11956997953854476	0.0	0.0	
28.885089293476796	34.879598941829634	0.11956997953854476	0.0	0.0	29.877949316233803	34.998884210035534	0.11956997953854476	0.0	0.0	
29.877949316233803	34.998884210035534	0.11956997953854476	0.0	0.0	30.87080933899081	35.11816947824144	0.11956997953854476	0.0	0.0	
31.863669361747817	35.23745474644735	0.11956997953854476	0.0	0.0	32.856924376451204	35.35283860121499	0.06355784254525965	0.0	0.0	
32.856924376451204	35.35283860121499	0.06355784254525965	0.0	0.0	33.84103906569548	35.21772437776842	-0.3364421574547398	0.0	0.0	
33.84103906569548	35.21772437776842	-0.3364421574547398	0.0	0.0	34.00743646737887	35.15276823487446	-0.40790793047610485	0.0	0.0	
